TheSweetHereafter 2 8 7 4 6 5 4 5 1 1 1 2 2 1 8 1 3 9 2 2 7 1 8 5 8 8 8 8 9 1 10 5 1 10 9 1 7 3 1 1 6 10 7 8 5 7 5 2 3 4 4 5 1 8 4 5 2 7 1 3
SweetSmellofSuccess 4 5 4 10 3 10 3 8 9 10 3 1 10 5 10 9 5 3 10 1 6 4 4 6 10 6 6 10 10 9 6 6 2 9 1 4 7 5 9 1 8 7 6 6 5 2 7 7 2 7 7 6 6 3 5 2 4 10 6 1
PatGarrettandBillytheKid 3 7 5 3 8 9 10 3 6 6 5 8 10 8 8 7 1 3 2 2 9 6 7 6 9 2 3 5 4 4 2 10 7 8 7 7 4 1 3 6 2 6 1 4 2 9 4 1 10 4 3 1 2 5 9 5 9 3 1 4
WagonMaster 7 6 10 8 1 10 3 8 9 8 10 2 9 10 3 3 5 8 7 4 3 6 5 6 5 9 9 10 9 4 1 5 6 4 8 3 3 7 2 6 9 10 5 4 1 8 1 6 9 1 7 9 6 3 1 6 3 2 2 4
IntheRealmoftheSenses 6 6 1 6 2 2 5 3 6 3 7 2 2 10 10 7 2 9 6 4 3 2 10 8 6 10 3 4 8 9 7 9 1 10 10 9 1 6 6 5 1 6 8 10 10 7 8 1 6 10 4 6 7 8 10 3 8 2 8 1
ElevatortotheGallows 4 6 1 4 10 10 3 3 4 6 10 10 7 6 6 3 2 9 9 2 1 8 8 2 8 9 4 3 6 4 3 6 5 10 3 5 2 2 9 1 3 6 6 7 6 1 4 9 10 6 4 5 10 3 4 8 8 1 7 10
TheNightoftheHunter 1 8 7 3 8 7 6 2 9 4 1 7 1 7 9 7 6 9 10 5 8 5 9 4 2 3 1 6 3 3 2 7 5 8 5 3 5 2 1 8 3 5 6 9 4 2 4 1 2 4 3 7 8 10 10 7 10 9 9 8
SongsfromtheSecondFloor 5 9 9 1 7 5 7 8 6 10 2 6 3 4 3 8 8 5 5 10 8 7 7 5 2 8 2 6 5 7 10 9 9 10 8 2 2 4 1 3 2 4 8 8 9 4 1 5 4 7 7 3 2 10 9 3 6 7 3 3
TheTreeofLife 8 4 5 1 3 8 2 6 8 4 10 10 7 7 2 9 5 10 10 7 5 6 6 5 10 10 1 2 9 8 4 1 2 7 3 5 4 1 5 8 4 9 5 10 3 7 8 10 2 7 4 6 9 8 9 5 5 3 4 3
Husbands 10 10 6 1 4 6 8 3 6 3 7 8 5 5 1 8 5 10 3 5 3 6 7 2 10 4 2 6 2 5 6 4 10 2 6 9 6 4 9 8 2 5 8 2 3 7 6 5 3 6 10 4 3 4 3 9 7 5 6 8
HolyMotors 3 6 3 1 5 8 5 6 1 8 5 6 9 8 8 5 10 5 2 6 1 3 7 3 5 8 2 5 9 3 3 3 9 8 9 5 1 7 10 10 4 9 8 7 1 5 10 3 7 1 3 3 6 1 4 7 2 1 9 7
DersuUzala 9 9 8 10 2 9 3 3 7 1 5 9 8 3 10 3 10 1 10 5 5 6 8 4 7 9 7 6 3 5 1 4 1 4 9 5 6 9 3 10 6 8 2 1 10 10 10 4 4 4 5 3 4 8 8 8 5 5 7 1
ShortCuts 7 3 8 9 10 4 10 8 2 1 3 8 7 8 1 6 9 1 6 5 9 6 10 3 5 6 3 1 2 5 6 3 5 6 1 3 4 6 8 8 6 2 1 1 6 5 9 5 4 4 6 8 2 6 1 8 9 2 6 5
BreakingtheWaves 5 8 8 7 9 9 3 3 1 9 2 8 2 4 5 3 7 5 10 2 3 6 8 10 4 7 5 3 9 3 2 6 5 3 4 10 3 6 10 2 2 9 8 7 5 7 9 8 10 6 3 4 8 3 4 8 1 5 8 5
ToukiBouki 3 2 1 5 1 8 9 2 2 9 2 8 2 1 8 7 2 6 1 3 1 9 5 7 5 2 4 8 2 3 6 7 6 4 2 10 10 5 8 3 9 3 3 2 10 7 6 5 8 10 2 6 9 1 2 7 6 3 2 5
Brazil 2 9 7 8 3 6 2 5 6 6 4 3 3 9 6 2 6 5 6 4 1 9 3 10 5 1 10 5 2 9 4 3 2 10 1 6 8 4 2 6 8 7 3 7 4 1 3 2 6 2 4 9 4 4 10 1 8 2 8 10
DieHard 4 6 4 1 5 1 8 10 5 7 4 2 5 4 10 6 5 1 7 10 3 5 7 5 9 9 4 5 3 5 2 6 6 5 2 3 3 5 1 6 7 5 10 7 2 3 2 9 7 3 3 10 6 3 9 3 8 7 9 6
FforFake 7 10 8 2 4 8 7 8 7 3 5 7 1 9 2 10 9 10 9 4 6 9 6 3 5 9 10 9 8 1 6 8 9 10 5 3 4 3 4 4 3 9 2 9 4 1 6 7 9 3 4 3 7 8 5 9 2 5 8 5
TheMarriageofMariaBraun 10 10 6 8 1 5 9 4 7 1 10 5 8 10 1 2 5 3 4 4 5 1 2 1 10 10 2 10 1 6 9 8 8 3 4 5 2 2 8 2 10 10 4 4 3 2 7 2 7 5 4 2 1 1 7 5 5 6 8 10
TheyLivebyNight 3 4 1 6 2 9 1 4 5 6 4 9 1 8 5 3 2 8 2 1 10 9 8 10 9 5 8 2 1 7 7 8 4 6 1 3 10 1 1 10 8 4 4 1 7 1 9 9 5 6 5 10 5 5 5 3 5 9 10 1
BeforeSunrise 9 1 6 10 8 6 4 6 6 3 6 6 5 7 4 9 4 3 5 5 2 9 5 5 3 3 10 9 7 1 1 10 6 6 5 6 7 1 7 9 8 1 1 3 4 8 10 8 8 8 6 10 7 6 7 5 4 9 3 2
TheSon 10 3 4 5 6 3 2 7 1 8 9 10 3 2 3 8 6 9 2 4 7 8 10 3 6 3 3 9 3 10 3 3 2 5 7 7 4 7 10 2 5 1 5 1 4 3 6 10 5 7 8 4 7 6 7 2 2 7 9 10
CarnivalofSouls 6 10 10 5 6 6 4 10 6 4 3 2 7 5 3 5 7 9 2 3 3 9 3 5 5 3 10 10 4 6 3 7 1 4 6 5 8 1 2 3 9 10 2 2 6 10 2 4 10 10 7 9 8 3 5 7 5 8 7 3
Sunrise 10 8 8 10 9 10 6 6 3 1 4 8 10 6 4 4 8 7 3 6 6 9 8 3 10 6 4 8 4 6 9 6 4 2 1 1 4 5 4 1 6 7 4 9 5 9 7 1 6 8 6 6 10 5 7 8 8 5 4 3
Nostalghia 9 5 4 7 10 3 10 5 10 2 8 9 6 9 8 8 8 9 6 9 3 10 3 6 4 8 4 1 9 6 3 2 9 10 9 8 3 4 1 1 8 5 3 7 7 8 6 5 5 10 5 8 8 3 8 8 6 5 1 10
LocalHero 5 4 1 9 2 9 6 8 3 9 9 5 3 6 2 3 9 9 7 6 9 6 8 1 8 8 9 2 6 4 8 8 1 6 2 9 4 2 5 7 7 9 2 5 6 7 10 5 10 9 9 10 4 4 4 6 6 1 6 8
Mouchette 6 6 5 3 10 6 5 3 6 1 10 7 9 2 2 3 7 8 6 8 5 6 7 10 3 7 9 10 3 9 7 7 5 7 8 6 1 8 8 5 4 4 6 2 8 7 5 5 9 9 6 8 8 5 4 7 8 5 10 2
TheKillingofaChineseBookie 6 5 8 1 7 5 6 10 9 1 5 5 3 4 1 1 3 1 2 7 6 1 4 2 5 3 3 5 5 1 1 8 8 6 9 2 7 4 8 5 3 1 5 5 9 8 1 8 5 8 7 10 10 4 9 9 5 5 1 3
Accattone 4 10 1 2 1 7 7 5 1 3 10 8 10 8 10 4 2 6 10 4 1 9 5 5 7 9 3 9 2 1 4 7 8 7 3 6 8 5 5 6 4 2 10 2 2 4 1 3 2 10 2 8 5 7 2 4 9 3 5 10
MonsieurVerdoux 9 3 10 10 5 8 8 3 5 1 4 2 9 1 3 2 6 3 2 6 9 2 1 3 4 6 5 9 6 6 7 10 3 1 1 2 7 4 5 1 5 5 2 6 9 5 2 5 2 10 4 2 5 6 10 10 1 9 1 2
Halloween 1 9 5 5 3 9 6 4 5 7 5 3 9 1 4 6 7 3 7 3 1 10 10 6 8 2 10 1 3 4 8 9 8 9 10 1 10 7 1 8 4 10 1 4 6 7 5 9 3 5 8 1 5 10 9 10 8 8 10 1
Fitzcarraldo 5 2 2 6 4 6 7 2 8 6 2 10 3 4 10 8 2 8 10 5 5 9 5 9 3 1 7 9 3 5 1 7 5 7 5 5 6 6 9 7 1 3 4 7 5 8 5 6 9 7 1 8 10 1 9 9 7 5 7 8
Elephant 9 6 3 4 8 4 4 1 10 7 6 8 10 6 8 4 2 9 1 7 3 4 3 6 4 5 8 7 3 3 10 8 2 7 8 10 9 10 9 9 2 3 2 2 9 1 8 8 8 8 8 2 5 10 5 9 2 5 1 6
TheTigerofEschnapur 10 10 5 8 7 5 9 7 5 8 8 9 8 4 7 4 4 10 7 2 6 2 1 3 9 3 2 3 6 1 1 6 1 9 5 7 1 8 1 10 6 1 2 2 10 2 7 2 8 10 9 5 2 1 3 10 2 8 5 4
VoyageinItaly 9 3 9 9 2 8 4 9 10 5 4 5 10 5 10 5 7 2 1 1 7 5 5 7 9 9 2 9 3 10 8 2 2 7 7 8 7 9 2 6 3 8 4 6 5 10 4 8 8 8 5 9 5 1 3 4 6 6 6 7
BattleshipPotemkin 6 2 3 10 3 10 3 6 10 1 7 9 7 8 5 3 4 4 6 9 6 5 6 10 5 10 8 6 2 5 2 5 8 7 10 3 4 5 3 10 10 3 4 6 10 1 3 5 9 3 5 1 10 8 2 9 8 4 9 2
Lolita 9 6 9 9 3 6 5 5 6 9 6 3 6 3 9 3 8 5 5 5 3 10 10 3 3 7 1 10 2 4 3 7 7 3 4 3 6 6 2 2 4 5 9 5 7 5 6 2 5 9 7 10 1 5 6 10 3 8 1 6
Deliverance 10 10 4 4 5 4 2 5 3 6 10 3 10 2 2 3 1 9 4 7 7 5 7 1 3 6 4 9 8 5 5 5 8 4 8 7 9 8 5 1 8 3 4 10 6 8 9 4 7 7 9 4 8 10 10 8 10 1 2 9
Hiroshimamonamour 7 5 8 9 4 8 4 4 2 5 6 2 8 10 10 5 2 1 5 4 7 10 8 3 9 10 9 3 3 4 9 7 6 7 1 6 3 6 3 1 5 8 6 8 4 4 8 4 2 9 2 6 9 1 1 5 8 2 5 5
ThreeColours_Red 7 6 7 10 8 5 1 6 3 7 3 7 3 6 5 7 7 10 9 2 4 7 6 9 8 9 1 3 10 9 3 9 4 9 2 6 7 10 6 6 2 8 5 8 2 10 6 8 6 9 3 5 7 9 1 9 9 1 5 7
Faces 9 7 4 1 4 2 7 10 8 2 3 8 9 2 9 5 3 10 6 6 1 5 1 6 7 4 8 3 4 8 5 9 5 7 8 8 10 7 8 2 9 3 4 6 1 4 2 4 10 10 7 6 4 3 1 6 7 3 8 3
TheSeventhSeal 10 6 4 1 4 7 8 10 3 10 7 6 7 8 7 2 10 9 6 4 5 6 2 10 7 1 6 9 1 2 8 1 6 8 6 1 6 8 3 10 3 8 7 6 2 5 4 4 8 6 10 4 7 2 1 1 3 8 3 10
FloatingClouds 4 4 10 9 2 8 1 2 8 9 9 1 7 7 7 10 9 2 8 1 6 5 8 8 4 2 5 10 4 5 5 1 5 7 1 2 5 7 7 5 8 10 1 2 1 9 5 2 10 6 8 5 10 7 5 7 4 10 2 7
Alphaville 6 3 7 3 9 1 1 8 1 2 5 3 1 3 7 8 3 3 6 1 1 3 10 5 3 5 6 7 4 6 1 6 3 6 4 6 1 6 6 6 3 4 1 7 8 8 1 10 2 10 9 6 6 7 7 8 2 10 3 1
TheThinRedLine 7 6 8 2 2 2 2 4 4 9 5 8 8 1 5 9 7 8 2 3 10 5 8 6 10 2 7 9 8 8 2 8 4 1 10 3 2 10 7 4 6 5 10 7 7 5 3 1 8 6 6 7 5 6 5 8 8 3 10 10
TopHat 6 9 4 7 4 4 6 5 8 4 6 4 7 7 9 7 9 1 10 2 2 9 1 1 5 9 5 7 2 9 1 6 2 1 7 2 6 10 9 5 9 8 5 9 6 9 6 3 6 1 10 5 10 1 8 5 6 9 6 4
TheMisfits 1 3 8 4 5 6 1 9 9 3 3 6 10 4 3 5 1 3 2 7 10 2 9 6 3 8 5 1 8 3 4 9 4 7 10 9 5 3 6 3 9 4 8 5 8 1 5 8 8 3 6 9 10 10 2 2 6 6 7 8
ComeandSee 7 4 2 10 10 7 3 7 1 1 4 1 8 2 10 5 10 4 9 9 2 5 1 2 5 10 5 5 2 5 4 4 3 7 1 9 8 7 1 8 5 2 1 9 9 9 8 2 8 8 7 9 9 9 4 7 2 10 2 8
AHistoryofViolence 5 6 8 10 8 4 3 7 2 4 9 1 4 7 6 6 8 8 7 1 3 3 9 4 7 10 5 3 4 7 1 7 5 6 3 4 4 1 9 4 7 5 2 10 4 4 8 5 10 3 8 7 3 5 4 7 2 1 6 6
StreetAngel 2 10 5 8 5 7 10 10 4 10 8 10 8 9 3 2 4 2 1 9 1 9 3 4 5 1 6 8 8 2 6 1 2 5 10 2 10 8 7 3 8 3 10 9 6 9 3 1 2 7 8 9 3 3 3 6 2 7 5 7
TheConformist 4 4 6 9 1 3 4 6 5 5 8 2 6 1 2 7 8 3 4 4 9 5 6 8 3 1 8 8 3 7 1 3 4 8 3 6 3 2 4 2 3 2 6 2 6 9 6 2 3 1 5 8 5 5 6 1 7 3 8 3
Passion 8 3 4 9 10 3 7 7 9 10 2 2 4 5 3 1 10 5 10 5 8 3 10 8 1 5 9 4 3 2 9 2 4 7 4 10 4 10 7 3 1 1 7 4 6 5 8 4 8 7 9 8 10 6 2 10 2 6 8 2
NostalgiafortheLight 3 10 5 6 2 3 3 7 6 8 3 5 3 9 10 1 7 7 7 1 4 1 4 6 4 7 2 9 7 9 7 2 6 6 1 8 5 6 3 4 1 8 7 8 9 3 2 3 7 2 2 3 10 3 5 2 1 6 5 1
DancerintheDark 10 9 8 7 7 10 1 2 9 7 4 4 1 7 9 9 2 3 3 8 9 5 5 1 3 8 5 7 3 1 2 3 6 10 5 1 4 6 8 8 9 5 3 8 6 2 4 8 3 2 9 4 10 5 10 6 4 7 6 9
StrangersonaTrain 2 6 6 1 2 8 10 1 6 8 10 6 2 7 9 2 7 8 10 8 9 2 8 3 4 6 1 7 8 6 1 3 7 4 7 1 4 10 4 7 1 1 5 10 10 9 5 10 2 10 4 5 6 4 10 4 2 6 6 7
TheSilenceoftheLambs 1 2 6 6 10 9 7 4 8 9 6 2 3 6 8 1 1 2 2 3 4 8 1 3 4 2 8 6 1 3 6 7 5 9 4 8 6 4 3 10 2 1 5 4 1 4 1 10 1 2 7 8 2 7 8 7 9 8 8 4
Rififi 1 3 2 3 3 8 9 2 7 3 10 3 8 8 4 2 9 8 2 4 9 8 9 9 7 2 6 6 4 2 6 10 2 6 1 10 8 3 8 10 8 8 10 4 5 10 5 10 6 4 9 4 4 3 2 3 4 6 7 6
TheyWereExpendable 4 7 8 10 6 8 5 9 3 1 7 9 9 8 10 9 5 2 8 1 4 3 6 6 9 3 6 6 10 8 7 3 2 7 7 1 8 3 2 1 6 1 1 7 5 1 4 8 9 6 8 6 10 8 8 3 4 3 2 8
TaleofTales 1 3 1 5 2 7 4 8 8 5 1 7 7 3 3 3 2 9 4 5 3 3 9 5 1 1 8 1 6 6 8 6 8 1 8 3 7 5 2 3 1 9 1 6 1 2 10 9 1 9 9 5 5 2 4 4 3 3 5 5
Network 7 6 2 5 5 1 6 5 10 10 1 10 3 7 1 3 1 2 6 7 10 3 9 10 5 2 1 10 3 1 3 4 9 6 7 7 4 9 9 7 2 6 5 4 2 9 4 9 4 7 2 10 1 5 6 6 6 4 9 9
TheKiller 9 3 9 4 7 8 9 6 4 4 1 7 7 6 8 5 7 5 3 1 1 3 1 10 3 2 3 1 1 9 7 9 3 3 4 1 1 9 8 3 9 3 10 6 7 5 3 9 10 3 6 8 8 5 2 5 6 4 1 8
TheEndofSummer 2 2 8 7 2 10 8 7 10 4 10 10 7 1 7 3 7 5 6 1 5 5 9 9 3 5 7 7 6 4 1 5 4 6 6 4 5 2 6 3 4 1 8 3 5 1 1 2 6 10 1 10 3 3 6 3 10 5 2 2
ScorpioRising 4 5 10 5 8 5 10 3 5 7 10 5 3 1 1 5 4 1 8 7 5 7 7 8 2 10 9 8 3 8 2 5 6 7 8 7 2 2 1 10 7 7 4 6 7 9 9 3 3 3 2 8 1 10 8 3 10 7 10 6
CairoStation 4 7 2 3 6 3 7 4 8 3 10 5 5 6 8 9 1 7 7 9 2 8 4 10 7 6 1 6 2 1 7 3 5 6 3 6 9 10 7 7 2 7 5 3 3 9 3 4 4 3 8 9 6 8 3 7 10 8 3 5
TheGodfatherPartII 5 2 1 4 9 2 7 8 6 8 5 9 3 7 3 1 1 6 7 1 1 5 2 4 4 3 10 8 6 4 1 5 3 3 10 10 2 4 5 4 9 7 8 8 2 6 5 2 8 1 10 6 10 3 3 4 8 8 2 4
SomeLikeitHot 3 10 7 6 6 2 7 5 3 5 10 6 4 7 8 10 5 2 6 6 3 3 9 2 1 5 7 10 7 1 9 9 9 3 7 9 2 2 1 9 10 2 2 10 8 2 3 2 2 6 5 3 4 8 8 7 8 10 4 6
Ugetsumonogatari 5 7 6 8 2 2 1 10 5 2 5 6 9 7 9 8 8 8 2 4 4 4 3 3 2 5 8 4 9 3 2 6 9 3 2 6 9 10 6 2 2 6 9 3 2 8 3 9 2 4 8 6 6 9 5 3 2 8 7 5
ElDorado 6 1 8 10 9 4 4 3 9 2 5 8 4 9 8 7 3 4 4 8 10 7 7 2 8 9 9 8 6 10 6 5 4 6 4 6 4 3 4 9 7 1 9 7 9 3 8 9 9 3 6 3 5 5 10 10 4 8 2 9
LessonsofDarkness 6 5 10 1 9 2 3 2 9 9 4 1 2 6 8 6 2 6 1 8 9 8 4 9 1 4 8 1 2 8 5 7 3 8 8 3 6 6 8 2 8 2 3 5 10 6 10 2 7 9 8 9 8 1 1 10 8 9 8 7
Wavelength 7 1 2 2 5 7 10 6 5 7 3 6 10 10 2 6 6 1 5 1 4 8 7 10 10 3 3 7 10 7 1 9 6 4 4 9 8 1 7 1 2 6 1 4 8 8 5 8 3 8 5 7 10 8 7 1 1 1 1 9
BonnieandClyde 4 5 2 4 4 6 6 10 9 7 1 1 1 4 10 10 2 7 4 10 7 8 6 6 10 2 2 5 4 8 7 2 4 1 2 4 2 10 10 4 1 4 5 2 7 6 10 5 3 10 4 1 8 3 3 1 8 7 8 5
PatherPanchali 3 8 9 6 3 1 4 10 10 9 6 4 8 6 5 4 2 2 8 4 8 2 5 6 3 4 10 3 8 8 8 1 5 9 9 9 10 4 8 3 2 10 6 8 6 7 8 9 4 7 8 6 1 9 7 9 5 9 9 7
TheLifeofOharu 10 4 10 4 6 2 5 8 7 5 6 5 5 2 5 3 7 3 9 1 6 2 8 9 5 10 7 3 9 7 3 4 7 8 10 4 2 4 1 9 8 3 10 8 4 4 6 10 4 2 10 5 8 9 7 7 7 4 9 7
FataMorgana 6 3 5 3 1 3 8 6 5 4 9 1 3 6 4 4 2 4 6 1 4 4 6 8 7 8 4 5 5 7 3 9 10 1 5 10 3 4 8 3 1 1 9 7 3 10 1 2 4 10 4 7 10 5 7 2 8 8 8 8
SeventhHeaven 8 8 10 8 3 8 7 4 6 6 9 2 8 7 2 3 1 6 4 6 3 9 5 3 3 9 9 2 1 2 6 4 4 5 8 10 5 4 2 10 1 6 2 2 8 4 4 5 4 4 7 1 5 10 7 10 6 10 8 7
KingKong 4 10 10 7 8 7 9 1 3 3 5 6 10 4 10 9 5 2 9 1 1 4 9 7 8 6 9 10 10 7 8 8 6 9 6 6 5 8 7 8 9 4 3 5 1 1 7 2 4 1 8 5 7 6 3 5 9 6 8 1
AStreetcarNamedDesire 6 8 7 1 7 5 8 3 9 10 4 8 7 10 3 9 8 3 8 4 5 3 5 6 3 9 10 6 1 5 8 9 1 3 8 2 10 5 7 3 6 2 2 6 1 8 3 7 5 1 10 4 3 1 9 3 10 3 3 9
CloseEncountersoftheThirdKind 9 7 5 6 5 3 1 9 1 7 8 9 8 10 6 2 4 10 7 9 4 9 7 1 8 2 1 5 10 4 2 7 7 1 10 9 3 9 7 8 3 7 1 9 4 8 7 3 9 6 4 6 1 4 8 10 2 8 8 6
Amour 4 7 6 3 3 1 9 4 9 1 2 9 8 5 6 6 8 8 7 6 7 10 6 7 1 6 10 2 8 8 10 9 10 6 9 7 8 7 1 6 9 3 8 10 2 2 1 1 3 6 6 4 10 7 6 5 8 8 4 3
MeanStreets 5 5 8 3 2 1 1 10 5 8 1 7 3 3 6 2 2 2 7 6 8 7 8 7 8 6 1 2 1 5 5 2 10 1 5 2 3 10 3 9 9 2 6 2 9 2 7 6 1 1 5 2 1 6 5 7 8 4 1 7
StarshipTroopers 5 6 9 4 1 1 4 6 9 10 4 2 7 6 5 9 10 7 7 8 8 3 5 1 1 5 9 1 8 7 8 7 8 1 7 5 3 3 9 5 4 10 1 2 10 9 9 1 10 1 2 2 5 7 3 9 2 5 8 5
TheMirror 3 2 9 8 2 5 10 1 9 7 3 4 7 2 10 6 9 10 3 8 5 10 10 8 7 3 10 3 10 3 9 5 2 1 2 3 2 7 6 4 2 3 1 3 10 10 5 3 8 9 7 5 10 3 6 4 2 6 7 8
SevenWomen 9 3 3 3 5 6 7 3 5 4 6 9 3 1 4 10 10 1 2 3 7 4 4 4 6 6 6 5 1 2 7 1 1 2 6 3 4 6 4 2 2 1 3 3 4 2 9 8 10 9 8 2 2 6 9 1 3 5 4 4
Playtime 4 3 7 8 10 1 3 10 4 4 6 3 8 7 3 10 7 9 1 4 4 1 3 3 3 3 1 8 4 2 10 4 10 2 10 9 5 8 6 2 9 10 6 10 2 5 10 8 1 2 10 7 5 4 4 10 4 10 10 9
TheCrimeofMonsieurLange 8 10 9 6 7 5 9 2 9 6 2 2 3 4 7 2 4 10 10 9 8 3 5 10 5 8 3 9 10 5 3 7 9 1 2 6 1 5 4 4 5 2 1 4 5 3 4 2 3 8 10 2 4 1 7 4 4 4 5 3
DuckSoup 7 2 5 5 7 8 8 7 10 4 3 10 8 9 4 10 4 5 2 3 9 8 6 6 1 3 10 9 2 3 8 2 10 1 5 2 3 1 9 2 8 6 10 8 2 3 6 1 6 3 1 5 8 8 6 9 9 8 2 1
Spione 6 8 7 7 7 9 5 5 3 3 5 6 10 2 6 2 2 2 8 1 6 4 10 3 1 1 3 9 8 8 1 2 10 1 6 9 8 10 5 8 3 7 2 6 6 9 2 8 1 4 6 9 8 8 6 8 5 10 8 9
ThePalmBeachStory 7 7 2 1 2 9 7 7 1 2 7 10 4 8 10 3 5 6 5 4 1 2 4 5 7 10 5 7 5 4 1 1 6 5 4 5 6 8 10 4 8 4 6 2 10 10 9 10 7 4 2 5 10 4 9 2 1 9 8 10
DiaryofaCountryPriest 6 1 3 8 8 6 6 10 9 8 8 10 8 10 2 9 3 6 1 4 4 7 7 5 5 6 1 9 7 7 7 9 9 9 6 7 4 3 9 8 3 10 8 7 8 10 6 7 3 2 9 4 6 2 10 6 6 3 4 7
BrideofFrankenstein 4 8 1 10 1 2 4 8 2 6 7 2 7 8 9 3 3 9 1 4 9 2 5 3 4 5 1 1 10 7 1 7 5 7 4 3 7 6 4 9 6 2 8 5 3 6 4 9 2 3 1 10 7 1 8 4 4 10 6 10
Charulata 1 2 3 6 6 8 4 9 8 9 8 9 8 2 2 2 4 4 9 8 3 9 5 2 4 5 3 8 5 2 3 3 7 7 6 3 5 5 3 7 9 9 8 5 1 9 6 7 1 1 1 9 4 3 7 7 7 10 2 1
TheEmpireStrikesBack 1 10 5 10 9 8 9 9 9 10 8 9 6 10 4 3 10 5 8 9 6 8 6 4 5 5 9 9 1 3 5 9 3 2 4 9 2 8 7 2 3 3 7 9 3 3 1 7 4 7 7 7 1 8 8 1 8 9 10 3
ThePiano 2 10 7 6 7 10 10 2 5 2 2 3 4 3 1 7 9 7 2 1 10 5 10 9 6 10 8 7 10 9 1 3 6 4 2 5 10 4 8 7 1 5 1 4 9 10 4 3 3 6 7 6 7 9 7 8 4 2 6 1
Wanda 8 4 4 10 9 2 5 10 9 6 2 1 2 4 3 10 5 5 8 4 1 4 3 2 9 7 10 1 6 9 8 7 7 9 9 3 6 1 9 3 8 9 3 6 9 8 5 8 9 9 4 9 9 2 1 5 8 3 6 5
MasculinFeminin 6 8 2 6 6 1 2 3 3 1 9 1 5 2 10 2 4 4 2 5 9 7 3 4 3 10 1 4 4 2 5 10 4 7 8 5 1 9 1 10 8 9 8 6 7 3 2 10 3 3 10 7 2 1 8 3 3 6 5 6
BadLieutenant 9 6 8 3 8 3 7 5 5 8 2 9 3 6 9 4 1 2 10 8 4 7 10 2 7 10 8 5 2 3 9 3 1 8 8 1 1 7 7 4 9 5 4 7 5 4 7 1 1 4 5 8 4 1 1 4 5 1 6 6
Kwaidan 9 8 8 5 4 2 2 2 1 6 2 10 10 9 6 3 1 1 5 10 1 2 6 3 10 10 10 1 3 1 9 7 9 6 4 6 10 2 7 5 4 7 5 6 3 7 5 5 3 9 5 6 10 5 1 5 5 1 4 1
TheTimetoLiveandtheTimetoDie 5 1 8 10 3 7 1 1 3 5 4 1 7 3 1 3 6 5 1 10 7 8 1 1 2 9 5 5 2 4 10 8 2 8 7 4 7 4 5 4 4 1 6 6 7 4 3 5 2 10 5 2 9 8 3 4 8 9 6 2
AnnieHall 2 9 5 3 9 7 10 8 4 5 1 8 4 4 8 6 3 3 7 8 10 3 2 10 8 2 10 5 9 10 7 5 4 5 2 7 6 8 5 4 6 8 4 3 7 1 7 4 5 2 9 4 2 10 3 6 5 4 6 6
HowGreenWasMyValley 9 7 5 2 6 1 1 6 4 3 9 2 7 6 8 5 10 1 5 4 7 3 2 6 7 1 5 10 4 5 1 7 10 8 10 4 10 6 1 10 5 2 4 8 2 7 2 8 7 8 6 2 8 4 4 6 4 3 4 8
WeAllLovedEachOtherSoMuch 2 7 9 8 2 10 8 7 6 3 8 10 10 3 7 5 9 5 6 2 8 7 9 6 8 7 2 7 7 9 3 2 7 4 5 10 5 5 8 6 4 10 2 8 6 1 4 6 8 4 6 4 8 1 5 6 3 4 6 7
SimonoftheDesert 2 8 9 9 5 3 3 2 3 2 7 6 10 7 2 6 3 5 4 10 7 10 1 10 10 1 7 10 2 5 1 7 10 3 7 2 3 1 10 9 6 6 6 6 4 6 2 1 6 7 4 9 9 4 2 3 9 2 6 5
TheBandWagon 8 5 6 1 2 5 9 6 10 10 8 7 2 4 10 3 5 3 10 10 10 7 7 6 7 1 3 2 7 1 2 10 8 9 10 1 8 8 10 3 4 4 9 9 3 4 9 7 6 3 9 6 4 5 3 4 7 4 9 2
Subarnarekha 7 10 5 7 3 8 10 5 1 8 6 8 4 8 2 8 10 8 4 5 5 5 8 8 8 4 10 5 5 4 4 4 10 1 2 1 2 3 7 1 10 9 1 3 6 1 9 9 10 7 3 6 4 5 1 2 7 1 9 1
TheTexasChainsawMassacre 3 3 9 3 7 7 2 5 5 10 5 8 5 8 1 7 3 5 7 6 3 5 5 10 8 10 6 6 4 6 9 3 10 9 7 5 9 8 10 3 1 10 3 8 8 2 8 4 7 8 8 1 4 7 6 4 1 7 8 2
The39Steps 4 8 6 2 1 2 1 4 8 2 8 6 3 4 1 7 1 6 3 10 3 7 6 3 6 9 7 5 8 8 9 4 2 7 8 7 6 2 4 3 8 5 5 10 8 3 4 7 3 5 2 1 8 8 4 8 7 6 1 1
ChungkingExpress 10 2 6 2 8 8 10 5 1 10 8 1 6 2 4 3 8 9 8 3 2 8 8 7 4 7 6 4 5 1 7 2 8 1 7 6 10 10 6 7 1 3 7 2 2 8 4 9 6 8 6 5 6 9 9 1 5 10 7 4
JurassicPark 10 7 9 8 3 2 8 1 1 2 10 7 2 3 3 7 10 3 9 8 5 6 5 10 7 1 10 8 2 10 4 2 5 10 9 7 3 1 2 4 10 9 8 8 7 5 6 3 10 3 10 6 4 7 5 5 1 2 5 5
BerlinAlexanderplatz 5 7 6 2 2 5 1 8 5 8 5 2 3 1 4 5 4 8 6 2 2 8 2 6 7 1 2 2 1 2 4 4 5 4 1 3 9 10 4 10 3 4 1 2 3 9 4 10 1 9 3 1 2 9 2 4 7 3 1 2
TheBalladofNarayama 5 1 5 9 9 8 10 6 9 9 6 7 2 10 8 2 3 8 6 5 9 4 2 1 8 8 3 10 3 10 4 10 8 10 1 1 3 10 4 2 9 8 6 7 1 5 7 2 8 10 6 4 2 5 5 8 6 7 7 1
TaxiDriver 3 9 3 1 8 8 6 5 5 4 6 7 9 4 5 9 7 4 10 5 6 7 8 4 3 3 10 8 8 1 7 6 4 7 6 7 6 6 4 9 9 8 4 9 3 3 4 8 5 5 5 5 1 2 6 1 4 1 9 7
BadTiming 6 9 4 5 6 3 5 3 8 9 3 7 1 6 4 7 2 5 7 4 1 6 6 5 6 3 5 8 2 5 8 5 3 3 10 5 2 10 2 1 9 3 5 3 7 6 4 1 9 9 10 9 6 4 7 2 3 8 10 9
Nouvellevague 3 10 10 9 6 7 10 7 9 1 4 6 1 1 1 8 9 6 3 9 10 3 7 2 5 1 2 5 6 3 10 5 9 2 2 5 1 9 9 9 10 10 10 6 9 9 8 8 1 9 4 5 7 8 9 5 10 7 9 5
HumanityandPaperBalloons 3 6 6 10 9 4 3 3 7 1 7 2 6 5 3 2 1 1 3 2 10 8 8 10 1 7 6 4 9 2 6 3 1 8 1 9 5 1 5 4 5 2 2 6 9 1 3 8 4 3 7 10 4 10 9 1 5 6 10 10
Fargo 1 6 2 7 1 4 4 9 4 6 8 9 1 2 5 3 3 7 5 4 2 10 3 10 6 4 8 9 7 8 1 6 9 8 6 10 3 7 2 2 3 2 4 4 4 3 10 4 6 7 3 8 4 9 4 5 5 1 9 7
TheTinDrum 1 5 5 4 8 10 4 5 5 3 7 5 4 9 9 2 3 4 5 10 4 9 7 7 4 7 2 4 9 5 5 4 9 10 7 10 10 6 4 6 1 7 9 2 5 2 10 3 5 10 4 1 1 10 8 3 1 2 9 8
MiracleinMilan 8 8 2 2 7 6 8 9 2 1 8 8 6 6 8 4 9 5 4 7 2 10 8 7 5 9 3 2 10 5 9 1 7 3 5 7 7 6 9 5 4 6 4 8 3 1 9 2 7 10 9 8 10 10 2 9 9 6 9 5
12AngryMen 2 3 8 4 9 2 10 2 1 2 6 7 6 7 10 10 10 5 4 1 2 4 10 8 1 2 5 9 4 8 8 3 8 6 8 7 10 5 10 9 8 2 1 8 3 5 10 1 4 5 9 2 7 5 1 2 7 8 10 2
FoolishWives 8 8 1 4 7 1 8 6 4 4 1 7 10 9 6 5 2 1 7 9 10 6 4 4 5 10 8 1 5 3 10 6 7 7 9 6 10 3 7 1 2 10 5 6 6 9 6 8 9 4 9 8 1 6 4 6 9 6 6 9
TheThinBlueLine 6 1 4 2 6 8 7 5 4 1 10 3 4 2 6 10 10 5 5 9 1 8 6 10 3 7 2 8 9 9 6 5 9 1 1 3 10 1 1 8 4 3 2 3 8 7 2 7 7 7 10 9 7 3 7 7 8 5 7 3
MadMax_FuryRoad 5 4 3 1 9 8 6 6 6 5 3 7 10 3 2 6 6 1 6 4 2 1 9 5 4 9 8 9 9 10 3 9 9 6 1 2 4 5 9 2 6 3 2 3 8 1 1 3 1 10 4 6 1 8 3 1 5 3 2 4
AStarisBorn 7 7 6 8 10 1 3 9 10 1 2 2 3 10 5 8 5 5 8 5 5 8 4 2 9 8 9 10 6 3 3 2 1 5 7 3 7 6 3 10 10 9 3 2 10 9 5 10 10 8 3 1 9 6 10 6 5 4 2 1
Rocky 3 10 2 10 1 2 10 7 4 3 10 3 9 4 10 3 6 1 7 9 7 4 7 2 10 5 7 10 10 1 2 3 3 6 4 1 10 1 10 4 7 3 6 7 3 10 9 2 2 6 8 8 1 1 9 5 7 3 4 1
DoubleIndemnity 1 2 6 5 3 8 10 2 8 9 1 4 3 2 10 5 9 5 2 9 3 7 4 1 2 3 2 1 2 10 10 7 4 5 8 7 6 5 2 2 4 7 6 8 4 2 3 9 9 7 7 1 8 9 7 8 8 9 5 7
KnifeintheWater 10 1 6 9 10 2 6 9 8 5 2 6 2 2 3 4 9 6 5 6 2 2 7 8 10 8 6 5 4 4 8 8 10 4 10 5 8 1 1 6 2 8 9 3 2 7 7 3 10 7 4 3 6 1 10 3 10 5 8 6
HouroftheWolf 10 5 9 5 5 9 3 7 3 1 10 3 4 7 10 9 5 7 4 9 7 9 6 9 7 6 1 5 2 8 6 9 9 1 7 8 8 3 6 3 3 7 7 9 3 2 2 8 8 5 4 7 5 8 3 6 5 2 10 4
Reds 8 8 7 8 3 10 1 4 2 1 7 9 6 6 7 10 1 6 4 9 8 10 1 2 1 3 2 6 10 9 1 1 10 8 6 9 3 4 3 3 5 6 4 3 8 8 9 2 6 10 3 4 4 4 4 1 3 4 5 5
TheAgeoftheEarth 7 9 8 7 9 1 5 5 8 7 7 4 10 9 10 2 10 10 1 9 2 9 8 8 7 2 10 5 10 6 3 2 2 3 7 3 3 9 2 3 9 10 3 4 9 2 4 9 9 3 3 9 2 3 8 8 6 10 6 5
BlueVelvet 8 4 5 7 7 7 4 5 6 9 9 1 7 8 4 9 3 3 3 6 10 5 6 1 6 7 8 4 6 6 2 9 4 8 2 6 6 5 6 8 1 6 10 1 6 2 4 10 3 5 10 5 9 6 5 4 1 2 3 5
PulpFiction 1 9 4 2 10 8 9 4 8 10 2 3 6 10 8 4 8 6 6 1 3 9 3 9 9 1 8 2 3 4 7 1 4 10 1 5 10 6 6 2 6 8 9 4 1 4 3 6 6 7 8 2 1 2 3 7 2 1 9 7
LandWithoutBread 2 4 6 4 10 3 4 9 1 5 10 10 1 7 7 6 8 2 7 4 8 10 5 8 3 9 7 7 2 10 9 8 8 10 3 9 10 8 8 5 10 6 3 10 10 10 9 5 6 2 9 6 3 4 9 6 4 6 2 2
TheOutlawJoseyWales 2 8 8 3 3 7 8 9 5 5 10 10 1 6 6 10 8 5 3 9 1 10 5 7 4 7 1 7 7 7 5 10 10 1 4 2 8 4 7 4 5 4 3 7 5 3 4 2 6 8 6 1 6 8 8 2 5 6 10 8
Melancholia 5 8 1 7 7 4 7 8 5 1 8 2 8 7 4 10 6 5 10 7 3 4 7 6 1 10 5 4 1 6 7 1 1 9 5 6 3 4 10 4 3 1 1 3 1 2 9 8 10 9 8 6 10 8 1 6 3 3 1 6
Breathless 6 2 4 1 10 8 3 4 2 9 2 8 2 3 2 8 5 7 4 2 4 1 6 7 3 10 4 6 5 6 8 10 8 3 2 6 6 8 6 2 10 10 9 5 10 5 10 3 10 2 7 10 5 4 7 5 8 1 7 7
TriumphoftheWill 10 8 5 9 1 5 8 9 2 2 7 2 6 4 5 1 9 9 7 4 8 9 10 5 3 7 3 9 6 8 6 2 2 9 2 5 6 10 8 3 9 4 5 9 8 6 7 9 9 3 4 2 6 3 6 3 6 1 9 9
Partiedecampagne 5 6 3 7 6 7 6 9 3 1 3 2 7 9 2 10 8 4 2 3 9 2 3 9 3 1 4 1 4 3 10 6 1 10 8 4 4 8 10 1 9 8 6 4 9 6 5 10 5 7 10 9 6 2 9 1 1 10 2 10
TheBitterTearsofPetravonKant 9 7 2 10 5 2 6 6 1 10 1 9 1 5 7 2 4 2 5 6 4 4 9 5 8 1 3 6 10 10 5 10 10 7 8 1 4 3 7 8 6 8 7 6 8 4 5 5 5 9 10 6 5 7 10 9 9 7 10 4
TheNuttyProfessor 6 3 6 9 6 2 9 2 4 8 10 6 5 3 3 6 9 10 9 1 5 4 8 2 1 10 1 4 1 6 2 6 7 8 9 9 1 8 1 5 10 1 5 9 2 6 7 5 3 9 4 10 3 3 2 6 1 1 8 10
ShockCorridor 10 5 3 4 4 5 8 9 7 6 1 9 4 4 7 8 1 6 8 9 2 9 4 1 8 5 2 1 10 4 5 8 7 7 5 10 3 4 4 9 10 9 3 6 1 1 6 3 2 10 6 1 9 10 4 9 9 2 5 2
BringingUpBaby 9 4 4 8 7 8 10 10 10 10 5 1 2 4 7 4 9 5 1 2 7 5 8 6 2 9 7 7 6 5 3 2 1 3 6 7 6 3 3 4 4 2 7 5 4 8 2 5 2 10 8 3 10 7 3 2 8 8 6 4
Jaws 4 1 10 4 4 1 4 1 10 1 9 7 3 1 2 5 8 6 7 5 10 5 5 9 5 7 4 6 2 10 4 6 1 1 2 1 8 1 4 7 8 8 3 3 6 4 9 1 3 7 6 5 8 7 9 2 9 8 1 3
TheAsphaltJungle 6 7 6 4 8 4 7 6 5 4 4 6 2 1 9 6 4 8 7 1 1 5 6 3 6 6 6 4 10 3 7 4 10 7 9 5 10 2 9 6 1 4 2 2 7 2 8 10 6 3 7 5 8 4 10 9 2 1 5 8
LandscapeintheMist 6 3 4 2 3 2 2 6 1 10 9 10 1 8 8 9 3 7 8 6 3 9 2 1 6 6 4 5 2 9 3 4 5 7 8 7 7 2 8 5 2 4 6 6 3 1 9 6 8 2 4 10 10 2 1 8 8 1 9 3
TheApartment 7 5 6 3 1 5 3 1 1 10 7 4 1 1 1 9 9 8 1 1 7 3 1 4 6 2 5 6 4 1 5 10 5 4 10 8 9 6 3 10 7 5 1 5 8 1 8 4 4 9 10 1 7 8 7 6 9 3 9 4
The47Ronin 9 7 8 3 5 8 6 3 10 9 3 4 6 9 1 7 10 3 9 9 8 9 8 7 6 10 6 9 5 8 2 4 6 10 10 8 9 9 6 10 10 3 3 2 9 7 1 9 7 1 7 7 8 5 1 1 10 2 7 1
ShanghaiExpress 8 8 7 9 9 1 6 2 5 9 4 1 9 4 1 4 10 7 9 9 10 1 5 5 5 2 6 8 1 3 8 10 5 7 4 7 8 8 7 10 3 9 9 9 7 4 5 5 4 6 4 3 5 5 1 7 7 2 2 4
FiresWereStarted 2 6 6 1 5 8 1 6 2 5 5 10 5 10 5 4 3 2 5 6 9 8 5 3 7 7 9 7 9 2 6 2 1 9 2 5 2 5 4 2 10 8 2 5 2 4 4 10 3 10 1 5 6 3 6 2 10 7 6 9
Ikiru 6 4 7 8 10 7 1 2 4 3 1 4 2 2 4 9 7 9 2 7 7 8 8 9 7 9 1 5 7 5 10 2 10 8 3 5 2 10 6 10 8 2 6 10 8 8 3 4 2 3 2 9 10 3 5 10 10 8 1 10
Carrie 7 5 8 6 4 5 2 8 5 5 2 3 9 9 7 1 2 3 3 5 3 4 5 8 3 3 5 7 9 10 1 2 9 7 9 5 6 8 9 8 6 6 1 10 4 2 3 7 8 6 7 2 8 6 3 10 10 5 6 4
ListentoBritain 8 4 2 3 4 9 1 7 4 4 4 9 6 6 3 5 6 10 4 7 4 3 8 4 3 4 9 10 10 1 3 6 5 2 8 8 2 6 4 3 8 5 3 9 6 9 1 3 6 2 7 4 7 10 3 8 3 2 4 3
