Crash 4 1 8 2 10 9 8 3 2 9 3 5 7 3 8 4 4 10 6 9 9 2 3 5 8 4 3 8 3 3 4 4 3 9 1 1 6 6 5 8 5 1 10 8 9 2 10 7 6 2 2 6 4 3 1 7 5 8 8 6 10 9 4 9 6 3 5 6 9 9 6 10 4 8 8 2 1 10 9 5 8 10 1 7 10 4 8 2 7 4 8 7 7 6 1 3 7 1 6 8 5 9 1 2 5 8 1 4 10 3 8 7 1 9 7 6 1 3 2 8
TouchezpasauGrisbi 4 9 2 4 7 7 10 5 5 1 5 1 5 1 1 9 1 8 7 8 4 9 7 5 10 10 7 3 2 3 5 10 3 6 1 6 10 4 4 4 5 3 9 4 7 10 4 7 9 6 8 3 4 10 2 4 1 1 7 10 4 3 8 10 5 7 3 4 1 9 6 8 10 6 8 9 1 10 9 2 1 6 6 3 5 3 1 5 1 10 10 10 5 2 2 1 6 3 8 2 9 3 9 3 8 9 8 10 4 9 3 9 2 7 3 7 7 6 5 3
TheParty 10 7 6 6 1 2 4 10 7 4 1 2 9 1 6 6 6 3 1 6 6 6 10 1 8 4 3 6 4 4 8 8 1 10 8 8 8 2 6 4 2 5 5 3 10 6 1 3 5 7 6 8 7 1 8 7 9 10 4 10 8 1 5 10 10 7 8 7 2 7 1 1 5 3 2 5 3 6 8 10 6 5 1 2 5 8 6 6 9 4 3 7 5 5 8 7 7 5 3 8 5 7 8 2 2 9 9 1 3 6 4 5 2 3 1 10 6 2 2 10
DeadRingers 8 5 9 2 6 2 8 7 7 10 2 9 3 3 2 2 6 10 8 3 5 4 5 8 6 8 10 10 2 3 3 7 9 8 10 10 10 2 7 4 2 9 6 10 4 4 4 3 8 2 8 10 4 4 6 4 3 8 9 6 10 4 7 5 6 3 3 5 7 10 7 5 5 6 2 2 3 3 5 5 10 5 4 7 6 6 9 7 9 2 4 8 6 10 2 9 5 2 2 9 3 4 9 8 3 3 3 6 10 5 1 9 5 5 8 5 3 10 9 7
Diary 7 10 3 4 5 3 10 8 7 6 7 4 2 4 1 1 1 5 9 9 4 10 6 9 6 5 2 6 2 5 8 10 6 10 9 10 10 5 10 9 2 4 6 7 3 10 7 2 2 10 4 4 2 3 6 6 1 5 9 2 4 1 3 5 8 5 3 4 6 2 7 6 9 9 8 10 10 10 7 5 10 7 9 3 3 4 2 7 6 2 10 10 5 3 1 9 8 5 10 6 6 5 7 10 6 4 2 7 7 3 9 4 10 5 8 2 2 2 7 3
MadMax_FuryRoad 7 2 8 6 10 9 7 5 10 6 6 2 5 7 4 5 3 7 7 6 3 2 7 9 10 1 7 5 4 6 4 1 2 1 6 9 1 4 2 6 6 2 1 9 3 4 10 9 9 8 6 8 3 8 7 1 4 10 1 7 8 4 6 4 2 5 6 10 7 8 3 7 9 6 10 8 4 8 9 1 6 6 1 10 8 4 2 7 4 2 9 2 8 5 2 6 8 2 2 10 1 10 1 5 6 4 9 5 3 10 10 3 8 3 4 9 7 1 7 7
TropicalMalady 2 8 9 4 5 6 4 1 9 7 10 4 3 4 3 4 2 9 10 10 9 4 2 2 8 9 2 2 8 9 8 1 1 5 7 2 5 10 6 1 3 7 4 5 8 10 10 10 9 7 9 8 2 7 5 7 1 7 7 3 8 9 7 9 10 7 10 10 3 3 1 3 9 7 1 10 4 3 7 9 8 2 1 6 2 3 3 4 8 7 5 7 10 8 10 4 5 8 7 4 3 5 4 3 9 4 2 5 4 8 10 9 3 6 1 1 3 5 7 7
TwoorThreeThingsIKnowAboutHer 2 5 5 8 2 4 5 3 6 10 1 2 10 1 7 8 9 2 7 7 10 6 2 5 4 5 1 5 2 1 7 9 8 5 9 2 10 1 2 1 8 5 6 3 5 4 9 9 5 7 3 3 9 3 6 7 10 2 8 2 1 8 2 8 1 2 9 7 4 5 3 8 1 2 8 9 4 1 8 7 8 2 1 9 3 7 5 9 3 8 3 1 2 10 4 9 7 2 6 6 7 1 3 8 2 2 2 10 4 9 10 4 3 5 1 10 5 8 4 10
Psycho 6 2 5 7 2 3 7 2 9 9 8 7 6 7 3 6 7 8 10 1 2 10 8 7 6 7 8 9 1 3 10 10 5 2 3 6 7 10 2 4 6 1 10 4 10 10 6 8 8 3 6 10 3 2 6 3 1 8 9 1 4 1 8 9 1 10 2 10 9 4 7 1 10 7 1 9 9 8 4 6 9 8 6 1 3 1 5 10 8 7 9 3 1 5 7 4 2 5 7 10 6 2 4 6 10 1 7 3 7 6 4 6 10 3 4 4 3 4 7 2
TheChronicleofAnnaMagdalenaBach 6 1 4 10 7 4 9 6 6 5 6 4 10 10 4 6 9 8 8 2 4 5 1 10 4 9 4 6 1 6 5 8 3 10 5 4 1 10 7 2 9 4 8 6 2 3 1 1 7 6 3 9 5 2 6 5 8 4 9 2 8 1 9 6 4 1 2 4 4 9 3 3 6 2 6 2 4 10 6 8 1 6 8 3 7 9 6 4 1 9 5 3 1 6 2 7 6 4 1 4 3 1 3 2 6 2 10 4 4 6 4 4 5 4 5 2 7 1 10 9
NightoftheDemon 10 1 4 1 4 3 5 7 2 1 10 3 4 5 7 2 1 4 1 7 7 10 4 10 2 2 3 9 6 1 4 9 9 7 3 10 10 8 1 9 1 7 9 6 7 4 8 4 3 4 4 6 9 10 4 8 8 8 9 9 5 1 7 6 6 7 10 10 1 10 3 6 6 5 9 6 4 10 10 7 2 9 4 10 9 3 6 8 5 3 3 6 9 7 10 3 10 1 7 6 7 4 4 8 2 2 2 6 9 7 10 6 4 8 4 9 4 3 5 9
ColossalYouth 7 7 4 6 1 1 3 3 9 1 10 6 4 5 3 7 8 10 7 2 5 4 3 2 6 3 2 10 1 1 8 7 8 3 2 5 5 8 3 8 8 7 8 10 1 3 7 9 6 1 9 7 8 3 6 9 8 10 10 4 10 6 2 5 8 7 2 6 4 1 7 2 1 4 10 9 1 10 7 7 6 5 9 10 10 1 7 2 6 3 1 7 1 9 4 4 6 1 7 1 10 2 6 10 10 8 1 2 7 2 6 10 6 5 5 6 1 8 6 6
TheSilence 7 4 8 1 4 9 7 7 3 3 1 8 3 8 3 9 8 6 6 2 1 2 9 2 7 1 4 3 6 3 3 6 8 6 3 3 2 3 9 3 4 1 9 9 3 9 3 9 7 1 3 8 6 3 2 9 2 8 6 3 5 8 6 4 7 8 1 5 3 3 4 6 7 8 6 4 6 4 6 8 10 1 5 3 1 1 9 4 6 4 2 8 3 4 3 8 3 6 10 4 8 1 3 8 1 8 4 2 7 9 7 5 6 8 9 6 3 7 2 8
TheWindWillCarryUs 1 6 5 4 1 2 7 1 7 1 1 4 9 7 3 1 6 3 8 9 9 9 3 2 10 2 3 5 1 9 10 9 4 3 9 5 6 10 2 5 10 1 9 5 7 4 10 6 5 9 4 3 5 7 8 9 2 4 5 2 2 1 6 10 6 7 2 6 7 3 9 2 6 2 10 4 3 10 2 3 1 4 3 10 4 2 1 10 8 3 7 6 4 3 5 4 3 2 6 9 7 4 1 9 9 3 5 7 4 5 3 4 1 3 6 10 4 8 3 5
Rififi 7 9 8 7 1 1 5 5 2 6 8 6 1 3 7 1 4 9 6 2 10 4 10 6 5 9 2 8 3 9 6 3 2 6 1 5 8 5 4 6 7 6 3 6 4 6 3 4 9 8 6 4 10 5 4 8 5 2 4 9 4 9 4 9 8 4 5 4 2 4 5 10 7 10 10 3 7 2 6 3 8 2 3 4 6 5 10 7 2 10 6 2 10 5 4 9 7 3 10 4 6 1 8 7 7 7 3 9 3 9 1 3 5 9 8 8 6 1 5 1
HowGreenWasMyValley 4 8 10 1 8 9 10 2 6 6 4 5 4 9 8 10 10 6 10 9 4 9 8 4 6 6 1 4 3 3 7 2 7 6 6 6 6 9 4 5 2 5 5 2 2 3 1 1 2 4 8 7 3 6 5 9 5 1 5 5 1 3 8 2 2 5 6 5 7 10 8 6 8 10 7 1 8 2 10 5 6 1 1 2 2 1 4 2 9 5 8 9 4 6 3 7 2 5 3 6 4 4 3 4 8 7 3 2 10 4 10 9 10 7 5 5 10 7 3 4
Metropolis 6 8 5 6 1 10 5 3 7 6 3 1 5 1 6 9 5 8 3 2 3 10 4 3 2 6 9 8 7 4 2 5 8 4 4 6 5 6 4 5 3 5 6 9 2 2 9 5 4 3 1 5 7 6 2 1 10 5 3 6 7 4 4 9 2 8 2 9 1 5 6 3 8 7 6 1 5 7 10 1 1 10 2 5 10 10 10 1 5 7 7 8 2 7 3 3 5 4 9 8 2 10 5 9 2 6 5 3 1 9 1 5 7 7 3 4 6 2 6 8
Notorious 5 2 7 10 9 8 1 8 8 1 2 4 3 1 4 2 5 5 1 1 2 9 8 1 8 10 7 6 9 1 3 5 6 6 5 2 10 7 6 3 4 3 3 6 3 4 3 6 3 2 2 4 10 4 5 10 4 8 1 2 5 3 6 7 4 5 6 1 8 8 8 8 3 6 6 6 3 9 9 4 8 10 3 3 4 4 2 7 10 1 2 8 10 10 6 10 8 3 9 2 7 4 10 9 9 3 8 6 2 6 6 1 10 10 6 7 10 6 4 9
TasteofCherry 4 8 8 6 7 1 6 10 3 7 6 5 2 9 4 1 4 10 8 1 3 7 10 8 9 1 5 2 6 4 6 5 7 7 9 4 5 10 7 7 4 10 6 8 10 7 1 6 1 9 10 2 4 7 4 10 1 7 4 4 5 9 6 3 8 1 2 2 9 9 6 8 1 1 5 6 1 5 5 7 8 9 4 4 9 4 4 9 9 3 7 6 7 1 1 8 2 5 6 8 8 10 1 9 5 5 1 10 6 1 7 7 9 9 3 2 10 1 6 8
Daisies 10 5 3 9 10 10 2 6 7 6 4 9 2 4 7 7 9 10 10 6 5 5 6 10 10 6 3 7 6 4 6 1 1 10 7 6 3 8 1 1 5 6 6 1 6 8 4 7 2 10 6 6 10 7 5 5 8 10 4 3 1 2 6 8 6 8 7 4 3 3 9 5 2 4 7 1 2 1 1 2 2 1 2 8 2 5 2 5 7 3 3 3 3 10 2 1 2 1 5 5 6 5 3 2 8 10 3 7 5 8 4 4 10 7 10 9 3 1 4 9
TheAgeoftheEarth 9 9 1 3 2 2 1 3 2 6 6 1 8 8 4 7 2 8 5 6 5 7 5 4 9 10 10 8 7 5 6 6 3 3 7 5 7 7 2 4 3 7 10 8 9 10 6 1 3 10 2 2 10 4 7 6 6 4 2 4 2 8 6 7 10 10 4 5 1 4 3 3 3 6 8 10 9 6 3 2 8 10 1 7 7 3 4 9 10 2 4 9 1 9 3 3 3 6 4 5 2 6 8 7 4 9 4 1 1 5 1 8 3 9 1 8 7 2 1 5
DawnoftheDead 3 7 10 8 3 1 5 7 6 9 6 6 8 2 9 6 7 5 5 6 9 1 6 3 2 2 5 1 6 1 5 8 1 9 10 1 4 10 1 8 10 7 3 4 10 4 10 4 9 6 9 8 5 6 5 4 1 10 2 6 3 10 2 1 8 2 4 1 4 4 2 5 4 4 5 5 7 2 1 6 2 3 5 5 5 9 10 2 5 7 1 4 5 10 2 6 6 8 3 8 4 5 1 10 1 5 7 9 6 5 4 3 6 7 6 6 8 1 3 6
2001_ASpaceOdyssey 1 5 4 2 6 1 2 7 5 2 7 4 1 1 6 3 9 8 3 8 5 6 6 7 10 1 9 1 4 6 1 10 4 8 6 6 3 6 1 10 8 4 3 10 4 1 2 9 2 5 1 10 9 4 6 3 3 5 2 6 2 10 3 6 5 9 3 5 4 6 8 10 3 6 3 10 4 2 2 6 1 8 1 8 7 1 10 10 3 7 7 2 6 4 9 10 2 5 9 8 5 4 1 7 8 8 1 6 8 7 7 6 2 3 7 9 9 9 1 2
TaleofTales 10 7 7 1 5 2 1 1 4 9 3 4 6 2 6 10 3 4 4 5 1 7 7 8 9 2 6 10 3 9 9 5 9 2 6 5 4 1 7 8 9 2 8 9 7 1 10 9 2 6 1 9 4 10 7 6 3 10 5 7 6 9 1 2 8 8 10 8 2 7 8 7 4 6 9 1 10 6 1 3 2 9 6 8 7 1 7 5 6 2 10 4 5 9 2 3 8 8 7 5 4 6 1 5 7 8 7 3 8 6 1 1 3 10 2 8 3 1 4 4
Z 4 6 6 7 8 1 9 8 6 9 1 1 2 7 5 9 6 1 10 2 7 8 9 6 6 8 3 5 10 10 1 1 3 6 8 2 10 9 4 1 3 5 8 1 1 6 9 6 9 4 1 4 4 6 10 3 7 10 1 5 6 2 2 2 7 2 9 2 2 8 4 5 7 9 4 2 3 3 7 3 7 5 4 2 10 8 4 10 1 10 7 2 6 2 7 6 2 9 8 9 6 6 3 5 1 8 3 2 10 8 10 2 10 4 3 6 8 10 5 7
TheAdventuresofPrinceAchmed 4 4 5 4 5 9 6 8 2 2 2 2 9 8 1 3 3 7 3 2 5 4 9 6 3 2 2 10 9 3 7 7 1 8 10 9 8 3 10 4 10 4 2 10 2 8 2 7 10 5 1 3 2 7 3 3 7 1 4 6 9 10 1 4 9 1 5 7 2 3 1 2 7 6 6 2 1 8 3 1 7 3 10 2 7 5 3 8 5 1 2 8 3 7 7 4 4 2 5 1 8 4 4 3 2 3 3 6 1 3 3 6 2 5 7 3 2 3 7 4
TheEmpireStrikesBack 5 3 10 1 1 4 6 2 5 8 10 7 6 7 9 9 9 8 8 6 5 3 5 6 6 1 9 8 9 4 2 1 4 3 4 8 1 4 3 10 8 4 7 8 2 9 4 1 10 3 10 7 7 9 2 9 4 5 1 5 5 6 10 1 8 6 7 8 6 2 3 4 1 4 1 5 10 2 7 1 8 2 9 8 6 2 5 8 7 9 5 6 9 7 2 5 5 1 1 10 9 8 6 7 6 5 8 2 1 7 5 5 8 2 6 2 8 9 4 7
Passion 8 7 5 4 8 4 3 9 6 10 8 10 2 8 4 6 9 6 6 2 2 6 5 1 7 9 5 4 5 9 8 1 4 10 5 8 7 3 2 4 9 8 4 2 5 3 7 6 4 4 6 8 2 7 9 10 3 1 8 4 5 5 6 8 4 8 4 3 10 6 2 9 9 7 3 9 4 6 4 5 2 4 3 4 8 2 4 2 8 2 8 10 9 1 10 5 10 8 2 4 3 6 8 4 4 4 8 3 2 6 5 1 7 4 10 8 9 3 8 8
Rebecca 8 7 4 5 3 8 3 3 7 1 1 8 6 2 7 3 6 2 5 4 4 6 2 4 8 10 10 7 3 2 6 9 2 7 5 6 5 8 3 1 8 3 4 2 4 6 3 9 7 7 5 5 8 2 5 3 8 1 8 7 4 6 3 1 5 5 3 9 8 3 5 8 3 2 5 8 6 8 7 5 1 10 6 5 2 10 8 1 4 8 5 5 9 5 5 3 5 6 7 10 8 10 1 7 7 3 6 9 9 8 1 4 10 5 9 8 10 3 9 1
Superman 10 6 5 7 4 2 9 6 9 7 5 9 6 4 3 4 10 9 5 9 7 7 9 6 1 5 3 10 6 6 2 6 4 1 4 7 10 4 1 10 3 1 4 4 3 5 10 2 7 8 1 5 4 8 1 6 6 10 7 9 2 8 8 9 2 6 1 5 7 3 5 9 8 2 3 3 7 5 8 10 3 4 10 7 8 10 5 4 10 3 8 3 8 10 4 10 10 3 10 4 10 5 9 5 1 5 9 3 5 1 9 8 5 2 6 1 4 5 10 9
Spione 6 2 6 1 3 6 9 4 10 8 6 2 9 7 4 8 2 8 7 2 4 6 5 10 7 5 2 9 6 9 5 10 7 7 6 4 7 10 6 5 2 9 5 7 5 1 9 6 3 4 10 5 3 6 5 7 2 10 7 9 4 2 4 8 3 10 8 4 8 1 6 2 10 2 8 7 4 10 5 3 10 9 8 8 9 4 8 5 3 2 7 5 10 9 1 5 1 2 7 4 6 4 5 4 1 5 9 7 2 7 10 3 4 1 8 10 10 5 3 8
IntheRealmoftheSenses 5 3 10 3 8 1 1 1 8 8 5 6 9 9 1 5 5 7 4 4 8 5 3 8 8 7 5 8 3 4 1 3 3 6 7 5 5 2 7 6 9 9 6 4 3 7 1 8 9 5 8 8 2 2 8 5 7 10 6 6 2 4 1 7 9 1 4 2 9 1 9 5 10 5 9 10 10 2 3 8 10 3 7 1 10 10 7 10 4 4 4 2 2 3 5 5 8 2 10 2 8 3 8 7 10 7 5 10 1 9 1 1 10 7 2 8 3 7 2 3
MillionDollarBaby 2 3 2 9 9 9 10 2 8 1 6 8 4 4 10 10 5 9 2 7 3 10 6 2 7 6 9 7 3 8 1 10 5 4 9 10 8 1 9 6 5 8 3 5 2 7 5 4 8 7 4 3 5 6 6 6 6 3 8 5 5 8 4 1 9 10 4 9 4 3 9 5 4 5 3 5 5 8 9 9 5 8 1 2 9 2 2 9 6 4 1 10 6 9 8 5 6 7 5 1 2 7 1 9 3 10 10 8 3 7 7 5 4 9 3 3 3 4 10 5
Paisan 4 2 10 3 4 8 4 5 9 2 6 5 3 2 6 8 4 1 8 2 1 1 3 9 1 1 8 10 9 10 3 3 5 3 4 1 7 2 7 9 10 1 1 9 10 4 5 8 7 3 1 6 1 7 10 5 5 10 8 1 9 2 3 7 9 9 6 10 2 4 5 6 9 5 6 8 3 3 1 2 5 2 4 10 8 1 7 7 1 5 10 3 3 1 5 1 1 5 8 5 8 9 1 7 3 6 9 3 2 2 9 8 10 5 8 8 6 7 10 5
Ali_FearEatstheSoul 9 9 5 3 7 1 9 3 7 1 6 10 5 5 7 10 1 1 3 6 2 1 1 4 8 1 10 2 7 10 10 4 2 10 1 6 2 8 5 9 7 8 2 1 6 8 4 5 9 1 9 9 6 9 8 8 3 9 6 9 4 9 3 4 1 9 1 3 2 9 2 6 8 6 8 5 7 6 8 4 2 2 8 9 3 10 4 8 9 5 9 4 5 9 2 4 3 3 5 6 6 1 8 7 4 7 2 8 7 5 2 9 8 8 5 8 5 6 3 9
Bambi 7 9 6 4 6 8 1 3 4 3 4 1 6 1 5 7 10 8 10 8 3 10 2 10 8 9 5 5 9 3 10 4 7 3 4 8 9 7 9 3 5 10 8 3 8 9 7 9 1 4 5 8 7 4 6 2 1 3 6 10 8 6 2 5 2 1 4 10 1 2 7 3 6 1 10 8 2 3 7 6 3 2 6 5 6 3 7 8 3 8 8 10 3 2 10 1 4 6 8 2 3 10 4 1 9 8 4 7 8 2 1 8 8 4 7 2 7 9 6 9
Nostalghia 1 10 7 6 3 1 6 10 9 1 2 2 7 2 7 3 1 2 9 1 1 7 9 3 2 2 6 6 7 10 2 10 2 5 5 8 6 1 2 4 1 3 1 9 3 7 4 6 3 9 7 9 1 4 5 5 3 7 9 7 10 3 1 9 2 2 1 5 1 4 5 7 3 4 2 3 6 10 8 3 3 2 2 5 1 1 8 5 2 1 2 2 4 10 7 10 3 3 9 5 2 10 9 2 5 9 9 3 1 4 4 1 4 9 8 8 4 4 9 4
PointBreak 7 8 1 2 7 3 5 3 1 1 4 7 5 8 8 7 3 3 1 6 10 1 8 9 3 3 7 7 2 1 1 7 7 8 4 2 9 7 6 7 6 4 2 5 3 8 10 2 5 4 6 3 3 4 1 9 3 9 7 1 6 9 10 5 3 4 6 2 8 4 5 6 1 4 5 4 1 8 5 10 7 8 2 4 8 3 3 9 1 1 8 4 6 6 3 4 5 6 7 10 2 9 6 7 8 2 6 5 4 5 3 3 7 10 8 2 8 6 6 8
BlazingSaddles 1 7 4 5 4 4 4 5 1 3 2 3 6 1 5 8 4 3 7 9 8 8 8 1 2 8 1 5 8 10 6 9 7 3 10 2 5 3 6 5 1 2 9 7 1 7 1 10 6 10 6 6 4 7 9 4 7 6 10 2 3 4 3 5 6 1 10 1 8 7 4 3 1 3 10 9 7 7 1 4 1 9 7 5 3 2 5 9 7 2 4 7 2 9 5 4 8 3 4 10 8 3 10 5 7 3 8 10 6 5 9 6 1 2 2 1 2 3 7 5
Intolerance 3 8 4 6 6 2 2 3 5 7 8 10 3 8 6 7 5 3 8 10 6 8 1 2 9 3 6 8 9 9 7 2 10 3 6 10 2 2 10 9 7 7 2 1 10 1 3 2 3 9 2 5 10 8 1 10 7 2 2 6 10 3 4 1 2 3 1 8 3 10 1 8 2 7 2 7 4 4 1 7 1 7 2 2 9 7 1 2 10 9 10 1 4 5 8 10 10 6 10 4 10 5 2 6 5 4 4 7 10 5 10 10 10 9 7 2 4 7 4 9
TheAsphaltJungle 7 7 1 2 1 2 3 10 4 8 9 6 9 2 9 9 5 10 5 2 7 2 3 3 7 1 2 2 4 3 1 4 4 9 9 4 1 6 2 4 1 10 9 7 4 7 3 1 2 5 5 1 9 7 6 9 8 9 10 5 10 3 3 7 2 10 4 6 6 3 1 2 8 1 8 2 8 10 3 2 7 7 3 8 7 2 2 8 10 2 7 10 8 5 3 9 6 3 8 8 1 4 1 9 9 3 1 9 4 4 5 5 7 2 8 10 4 5 7 2
Berlin_SymphonyofaGreatCity 2 3 10 10 3 10 10 7 1 9 3 2 6 4 4 6 7 2 10 3 2 1 8 6 4 4 6 6 2 2 8 9 1 6 7 1 8 3 3 3 4 6 1 9 2 5 6 6 8 1 6 6 4 9 10 2 8 10 3 10 8 9 8 2 2 10 1 4 1 2 4 4 3 3 2 7 7 8 7 3 5 1 4 8 4 1 10 5 10 6 3 4 2 8 3 7 10 10 8 1 7 8 10 4 6 8 5 1 5 4 4 8 2 3 8 7 3 1 2 3
DustintheWind 5 1 7 1 7 7 3 5 8 2 7 3 2 4 2 1 3 3 9 2 7 6 10 5 2 9 2 7 5 7 8 1 3 6 2 7 3 6 2 4 7 5 4 5 4 5 5 6 5 6 1 9 10 10 1 8 5 9 3 2 5 9 5 1 9 4 6 8 4 9 8 9 10 7 4 2 3 6 2 1 2 7 7 4 5 9 4 4 9 8 10 5 4 3 8 6 9 9 5 6 3 3 10 2 3 6 6 10 8 6 4 3 5 4 1 6 8 6 4 1
FloatingWeeds 4 7 7 4 1 5 3 5 1 1 4 2 5 9 7 3 2 3 9 7 9 1 5 6 2 3 8 2 2 9 8 2 8 6 3 8 7 9 9 4 7 8 6 2 2 2 6 2 10 1 8 2 9 7 3 5 9 3 4 6 2 4 9 4 7 1 6 2 9 9 3 10 10 3 7 9 1 6 7 2 9 9 1 2 9 5 7 7 3 3 6 3 7 7 5 1 10 9 9 3 7 6 2 10 4 4 8 7 1 9 7 8 8 1 2 8 1 5 2 10
TheGrapesofWrath 4 4 5 10 10 6 9 9 2 4 5 7 9 9 4 6 3 10 5 1 5 6 5 7 6 4 6 6 7 1 5 9 8 2 1 7 4 2 7 6 7 5 1 8 1 1 5 10 1 3 10 1 3 8 7 10 7 9 2 7 5 1 1 8 3 3 10 4 3 10 1 6 2 9 7 5 7 3 10 5 8 10 7 2 3 3 6 1 2 2 10 10 8 4 9 5 2 6 9 1 6 6 8 2 5 6 8 7 5 4 8 1 1 7 3 1 3 8 6 1
OntheTown 4 10 3 6 5 10 3 4 4 5 10 4 10 3 2 3 1 4 1 9 8 7 1 4 7 2 9 3 6 3 6 2 6 2 8 6 7 1 3 8 1 9 1 8 7 9 3 9 2 3 9 2 5 4 4 5 1 10 8 6 4 4 2 10 10 10 6 10 1 7 9 4 3 8 1 3 5 2 6 4 2 8 6 8 10 6 10 4 1 1 4 8 2 2 4 9 3 1 7 9 3 6 6 9 8 2 5 6 3 8 2 9 2 7 3 3 4 5 7 8
TheManWhoShotLibertyValance 6 6 10 6 6 4 2 2 9 6 10 10 9 8 2 10 4 1 7 6 3 2 8 4 10 6 8 10 5 4 7 6 5 5 2 2 1 1 10 10 9 9 9 7 10 4 8 2 9 2 5 4 6 1 7 3 8 2 10 9 1 6 9 7 4 10 5 10 8 7 7 8 1 2 5 6 2 8 1 2 5 8 5 7 5 7 4 2 4 1 4 9 3 7 3 10 5 5 7 9 10 9 9 5 9 2 7 5 10 10 5 4 7 9 7 8 2 2 8 10
PulpFiction 10 4 5 5 10 1 2 10 9 8 1 1 6 7 2 2 9 9 10 1 10 6 7 10 2 6 7 3 8 5 9 5 8 2 5 5 2 4 1 2 6 5 3 6 5 2 6 7 4 4 6 10 1 10 10 2 5 7 2 4 3 4 7 3 4 9 6 1 10 2 9 3 9 7 5 9 8 9 7 3 3 5 10 6 7 3 3 7 9 6 7 9 8 1 8 7 9 6 10 4 3 5 8 9 8 7 10 4 4 3 4 8 4 4 7 10 9 7 7 1
LetterfromanUnknownWoman 5 2 7 4 8 10 6 4 1 9 8 1 7 9 7 7 7 4 7 4 8 4 8 8 6 1 6 6 1 9 10 2 10 10 6 10 5 6 8 1 2 6 4 3 9 3 5 8 10 7 4 3 9 5 9 8 3 9 8 9 1 8 6 9 10 8 1 8 1 4 1 9 9 10 5 5 6 5 2 8 8 5 2 9 6 3 4 5 3 9 7 8 7 7 7 8 2 9 8 9 5 10 9 10 6 1 6 6 6 7 9 5 6 5 4 7 10 10 1 10
TheCrowd 9 7 5 8 1 4 5 6 1 7 3 8 3 4 2 2 7 7 10 7 7 10 5 1 1 3 7 10 8 3 5 3 9 1 2 2 4 6 8 4 3 8 8 6 4 2 7 7 5 9 5 7 9 6 8 4 8 8 1 4 9 9 10 5 3 8 2 5 4 8 1 8 4 4 3 1 7 3 10 4 10 1 5 7 8 8 1 6 10 3 2 8 8 9 10 3 5 1 4 3 2 9 7 2 7 2 7 9 7 4 7 2 4 2 5 1 9 2 1 2
SilentLight 3 2 4 4 9 4 1 6 4 10 10 10 4 7 3 1 8 9 2 3 7 3 6 8 2 2 5 8 1 10 10 4 10 2 10 3 7 6 5 4 1 4 4 2 4 6 6 6 10 10 6 8 2 10 4 8 8 9 3 2 8 7 1 9 2 4 10 2 7 5 10 8 10 7 10 9 7 8 5 10 5 1 8 7 5 4 3 1 1 1 10 9 9 5 10 1 10 4 8 4 8 10 10 2 1 8 10 1 10 2 5 10 8 7 6 8 10 10 8 10
TaipeiStory 5 2 1 9 3 7 5 6 10 7 7 2 10 4 1 7 6 4 7 3 5 9 3 4 4 3 5 7 6 8 8 5 8 7 2 10 9 9 8 9 6 1 5 7 8 5 5 7 7 6 3 1 5 10 3 5 7 8 6 2 6 4 4 9 10 6 1 9 2 6 1 1 5 6 5 8 3 3 6 4 5 4 7 7 5 8 9 8 3 1 3 6 8 6 7 1 1 10 5 6 1 2 10 8 10 5 6 7 3 2 1 2 6 8 1 9 5 10 6 3
OpeningNight 10 1 10 10 5 6 4 4 2 1 1 2 8 5 2 1 3 2 2 1 4 5 5 4 9 4 9 1 6 5 6 7 4 2 4 1 9 2 5 3 6 7 7 5 5 5 7 9 6 4 10 4 2 9 1 5 10 8 7 4 5 7 9 4 8 7 5 5 4 2 8 2 5 8 9 3 3 10 4 7 6 4 8 6 3 3 8 9 7 5 8 3 3 8 5 7 8 3 4 10 1 1 10 8 3 3 4 4 9 8 5 9 5 5 7 9 9 3 1 7
The47Ronin 10 7 8 8 1 4 7 8 2 9 7 10 4 4 10 8 10 8 8 1 1 3 7 4 1 7 4 4 3 2 4 7 7 9 9 8 2 9 1 2 9 6 9 2 6 8 4 5 3 3 1 6 5 9 8 10 8 6 6 2 7 3 4 1 4 3 3 10 5 6 7 6 9 10 7 2 8 7 10 10 1 1 3 1 5 4 9 9 7 8 1 9 10 7 6 1 8 6 5 6 5 4 4 9 9 8 9 6 8 9 8 8 3 1 7 8 3 2 3 9
JulesetJim 10 9 4 6 3 4 10 5 7 7 6 3 9 8 6 8 8 4 4 5 9 10 4 6 6 7 10 10 8 3 3 6 8 9 8 4 3 3 4 4 5 6 9 10 9 4 8 5 6 7 5 9 9 7 2 6 9 10 8 6 2 3 3 10 3 6 4 6 10 6 10 2 10 1 2 9 5 4 2 2 7 6 1 7 1 4 10 8 7 2 3 3 8 10 2 2 10 6 9 1 7 10 7 1 7 5 8 7 9 3 8 9 3 5 6 8 10 1 5 3
BerlinAlexanderplatz 6 6 7 2 2 10 2 8 7 9 5 9 7 4 2 7 5 6 3 7 2 9 3 7 10 10 8 6 6 4 3 10 1 8 4 5 9 6 7 10 8 10 7 6 4 10 10 2 3 6 9 5 7 9 5 8 3 5 4 5 2 5 1 6 2 6 3 6 10 3 4 8 9 8 1 7 9 9 10 10 7 10 6 8 1 5 4 4 2 3 2 10 10 4 2 7 1 6 3 8 6 4 9 1 7 6 4 9 6 6 1 8 6 8 5 2 7 6 10 7
NightoftheLivingDead 7 3 3 7 7 5 6 7 1 8 1 8 8 10 7 7 3 4 4 3 2 4 2 8 10 3 9 9 9 9 10 4 6 2 7 8 7 9 1 2 5 6 10 9 10 9 10 2 2 5 4 3 6 9 6 6 10 1 1 8 7 9 5 6 6 2 10 3 4 3 3 10 3 9 7 7 6 8 10 8 6 1 7 9 1 1 8 10 9 4 4 1 9 4 9 9 10 3 6 1 1 9 6 8 8 4 9 10 8 6 8 5 7 10 3 8 2 2 4 3
PatGarrettandBillytheKid 9 4 2 2 2 6 2 3 4 7 8 3 8 3 6 4 5 2 1 8 10 5 4 5 9 1 3 1 5 1 10 8 3 5 6 9 5 8 4 9 7 7 9 5 9 9 7 10 4 4 5 5 9 3 9 2 9 3 7 6 3 10 4 10 10 9 2 10 9 1 9 1 3 7 6 4 2 5 10 4 5 9 7 10 9 3 10 9 9 8 6 6 8 2 10 4 2 5 1 1 10 2 4 9 6 10 1 6 7 6 6 8 8 6 2 9 1 5 6 7
Earth 10 1 8 4 8 2 8 2 1 5 4 4 7 3 1 7 8 9 1 8 4 4 6 3 4 9 8 5 9 9 10 6 2 6 9 4 4 7 2 10 3 1 1 5 5 8 1 2 10 8 2 4 8 4 1 10 8 6 6 5 5 1 9 9 5 4 6 2 8 4 6 6 5 6 4 4 1 7 1 5 8 2 4 5 7 3 7 8 10 5 2 10 8 5 1 3 7 2 6 8 6 1 6 4 7 9 8 1 6 3 1 5 3 2 7 9 3 2 8 9
SplendorintheGrass 7 8 5 2 2 10 2 7 8 10 7 7 8 8 1 10 10 5 8 10 4 7 6 1 8 6 9 6 1 10 7 10 3 9 8 9 5 6 2 8 6 1 7 8 10 3 5 8 4 5 9 6 2 8 3 3 3 10 7 3 8 4 10 7 1 3 3 3 9 9 10 6 2 1 2 6 6 6 1 7 9 9 10 4 10 5 1 7 7 7 7 3 4 2 3 4 9 1 1 10 6 7 1 9 4 8 2 4 3 1 10 4 8 4 9 6 7 2 1 6
WagonMaster 5 5 7 10 6 3 8 9 3 2 10 9 2 6 5 10 10 1 10 6 6 8 1 4 10 6 2 9 7 9 1 10 1 7 6 1 3 10 9 9 10 6 4 5 7 1 5 5 9 3 4 4 10 3 9 4 5 6 7 9 6 3 3 5 3 6 9 8 1 1 7 4 6 6 1 10 5 7 7 4 5 9 4 8 7 9 3 1 7 2 9 5 5 9 9 1 9 4 9 7 6 3 8 7 4 7 10 5 7 8 5 9 1 3 3 3 8 7 10 3
Alien 1 3 3 1 5 2 1 6 2 10 6 10 3 4 5 1 3 2 3 6 5 2 6 6 9 5 8 8 1 6 8 9 10 1 5 9 4 9 2 1 10 7 7 10 2 1 2 10 10 8 10 5 2 5 3 2 2 7 10 8 3 1 8 8 8 10 8 4 9 2 4 1 6 9 10 10 1 7 5 1 3 6 7 6 4 10 9 9 7 8 8 9 2 10 9 2 8 7 8 5 9 6 9 8 3 5 10 2 8 7 1 10 6 7 10 4 4 3 10 10
ChungkingExpress 2 10 3 1 6 1 9 4 4 7 3 6 8 8 5 10 5 5 5 1 10 9 8 7 1 3 9 6 7 5 2 3 3 2 10 4 3 3 4 4 2 1 5 5 2 10 7 2 6 4 9 8 6 4 3 6 6 9 1 10 3 6 4 5 2 5 10 8 9 6 4 3 6 5 4 1 3 5 1 5 4 6 1 4 7 10 3 1 7 3 6 2 3 6 9 5 10 5 8 10 10 8 6 8 1 1 3 8 8 7 7 10 3 5 6 7 2 10 3 5
SyndromesandaCentury 1 7 8 4 8 6 4 8 3 9 3 7 1 8 7 7 2 2 4 10 2 4 7 1 10 3 10 10 3 9 1 10 1 2 2 5 2 9 7 3 10 8 2 3 9 7 8 4 10 8 7 9 1 5 5 3 4 3 6 6 1 5 5 3 8 8 4 7 3 10 1 9 5 3 10 6 2 4 1 4 2 6 9 2 3 3 3 6 6 1 5 9 2 7 7 3 1 8 3 8 10 2 10 7 4 9 10 10 4 10 8 5 7 9 8 10 3 9 1 9
DeathinVenice 3 3 7 1 9 1 4 5 4 8 1 6 3 9 8 3 9 2 6 7 3 9 10 7 2 2 6 9 6 2 1 6 9 5 4 8 10 7 6 9 10 4 10 6 6 5 9 6 8 3 9 9 3 4 6 10 9 10 7 2 6 2 5 10 1 8 3 9 7 8 6 10 5 1 7 1 9 4 7 4 8 10 7 1 5 5 3 5 6 1 7 3 7 8 5 3 4 3 9 5 2 3 1 3 10 9 4 4 4 3 10 7 6 7 1 1 2 4 10 2
ToLive 5 3 9 5 9 1 3 10 3 8 6 8 6 6 7 2 9 4 10 9 3 2 4 1 2 8 9 5 8 7 5 1 9 2 10 4 9 6 3 7 7 8 5 3 5 7 9 1 4 7 5 10 5 10 1 8 8 1 9 1 4 8 2 6 4 1 2 1 6 4 7 9 2 10 8 9 2 3 1 5 2 2 8 9 5 6 7 10 2 8 5 7 2 6 7 8 4 4 8 8 3 3 7 3 4 8 8 2 10 8 1 7 5 3 7 8 7 9 9 7
TheLadyEve 6 2 2 5 8 10 5 1 4 1 6 5 3 9 9 2 1 5 6 6 7 5 5 5 9 1 9 7 3 4 10 9 9 10 2 10 5 5 7 1 1 5 1 9 8 3 10 9 1 8 7 3 8 8 1 9 2 3 6 10 3 10 7 10 1 1 3 1 7 9 1 1 1 6 4 1 3 2 9 10 1 10 2 9 2 4 10 9 9 8 10 2 8 10 4 3 9 2 7 3 1 9 6 10 6 3 3 4 9 10 9 3 9 9 7 7 1 3 7 10
DogStarMan 9 1 9 5 10 3 5 3 8 5 9 8 1 4 2 9 4 4 4 2 6 6 4 1 4 7 8 9 3 6 3 4 5 1 2 4 7 3 9 5 3 10 5 10 5 3 6 6 7 10 7 4 6 6 9 5 8 4 2 4 1 4 2 10 5 10 6 6 10 5 7 9 3 9 3 9 10 7 7 9 9 5 6 9 3 4 4 2 2 9 8 9 4 5 6 8 7 5 8 1 4 6 1 2 4 1 8 5 6 5 3 8 9 7 9 3 7 4 5 3
TheHustler 3 5 9 3 2 5 2 3 10 4 6 5 5 4 6 8 6 4 6 9 10 4 3 5 8 6 2 5 3 2 2 7 9 7 10 6 6 8 3 10 3 1 1 4 2 3 8 1 7 10 5 8 6 1 1 5 10 4 2 1 10 6 1 5 2 1 10 2 3 10 5 6 9 1 2 5 7 8 7 2 9 9 5 8 8 6 8 3 8 2 10 2 6 2 6 5 3 6 6 9 7 10 2 10 2 6 2 9 3 2 9 7 2 10 5 4 2 9 2 10
AManEscaped 7 4 6 4 2 8 8 10 8 5 7 7 1 2 2 6 6 9 9 4 9 2 9 7 3 5 2 10 5 4 8 7 4 8 10 3 8 5 4 9 8 5 10 1 2 6 6 7 10 9 6 3 9 1 4 10 9 6 9 2 9 3 7 8 8 6 10 10 8 7 8 1 1 9 5 2 10 7 5 2 5 8 9 8 6 7 8 6 1 10 10 6 5 3 7 2 3 6 2 9 5 8 8 9 10 5 1 6 6 6 3 1 3 10 8 7 7 10 8 9
WhiteHeat 9 4 3 4 10 5 6 2 1 4 4 9 2 7 2 8 7 10 1 4 5 9 10 10 10 10 7 6 2 1 2 10 1 5 9 10 2 7 4 5 6 9 9 4 1 3 8 7 2 4 7 7 2 8 3 5 2 10 2 9 7 6 8 10 4 5 3 2 4 5 7 4 9 5 7 7 10 1 8 6 6 7 2 1 10 2 3 2 6 2 5 6 6 7 2 2 6 2 2 7 9 6 2 7 9 2 6 6 10 3 4 6 2 2 5 1 9 10 5 8
DersuUzala 2 1 2 1 1 10 5 7 8 10 3 8 5 10 4 4 5 8 1 5 4 3 3 5 1 9 5 7 7 5 7 6 2 1 8 5 4 8 10 7 10 8 5 6 9 2 9 7 1 4 9 8 2 8 3 10 5 9 3 6 3 2 7 2 5 5 3 9 2 8 4 8 6 7 8 6 9 1 9 4 4 3 8 10 10 7 2 5 5 5 6 2 7 10 3 7 5 9 1 10 8 6 10 6 1 6 8 1 7 3 10 4 6 1 9 9 5 9 1 1
ATouchofZen 3 6 3 8 1 1 3 5 7 3 7 9 5 7 5 8 6 3 9 3 7 3 10 2 10 1 1 2 4 1 1 10 7 10 6 8 10 5 3 7 6 2 8 2 2 5 4 8 2 4 5 3 3 5 3 10 6 4 2 2 8 5 8 5 10 2 2 1 5 7 2 8 7 8 1 10 8 10 8 6 3 3 1 1 6 4 7 10 5 10 8 2 9 7 2 8 4 8 8 7 6 6 5 9 1 2 7 1 4 10 3 10 4 9 5 10 3 3 3 4
BonnieandClyde 5 5 10 5 4 4 10 2 10 9 6 5 5 10 3 6 1 4 10 4 10 10 3 1 6 4 4 6 7 9 10 1 9 6 8 4 7 2 2 4 7 8 8 9 2 8 7 7 7 9 9 2 5 10 10 4 4 5 1 6 8 2 9 3 1 7 4 5 2 9 8 10 4 10 2 1 4 2 7 6 8 4 10 5 2 3 2 9 5 1 7 5 8 7 2 8 9 2 4 2 3 8 4 10 4 4 7 9 5 7 2 8 8 9 1 6 8 3 3 1
TheBalladofNarayama 1 1 10 9 5 8 8 2 9 2 3 10 8 5 5 10 10 9 5 7 8 3 3 10 1 1 9 2 4 2 10 5 4 6 4 4 7 9 5 1 3 4 6 9 9 4 3 8 5 4 3 7 7 1 10 7 8 9 6 10 4 9 4 7 7 3 7 5 1 9 7 7 8 9 4 3 7 1 5 9 7 1 1 8 5 6 1 4 4 7 4 7 10 2 2 9 8 7 4 7 1 4 8 10 6 7 5 5 7 10 7 8 6 6 7 1 3 4 4 6
Stroszek 9 4 4 6 10 10 6 5 6 1 6 3 8 9 4 9 2 6 3 1 8 4 1 10 10 1 7 9 1 1 3 4 7 1 8 6 1 10 5 5 7 10 8 9 2 9 4 4 6 10 7 5 7 9 6 4 4 6 3 2 9 4 8 3 1 8 7 2 1 4 5 2 4 8 3 3 9 1 3 8 4 2 9 9 10 6 7 4 6 7 7 9 1 2 7 9 8 10 4 9 10 3 7 8 10 3 2 2 5 5 9 7 2 8 9 3 2 1 10 6
FiveEasyPieces 7 4 4 4 2 1 4 8 5 7 7 10 8 10 10 1 4 6 7 6 1 1 9 5 5 8 5 8 10 9 1 1 8 3 6 5 1 3 8 4 7 8 2 6 4 1 1 5 9 7 5 1 6 3 6 8 1 5 6 10 2 7 8 8 8 5 1 4 8 1 7 5 6 3 9 2 2 4 7 2 6 7 4 4 2 9 6 4 7 3 1 4 9 8 5 2 10 3 10 10 2 3 3 3 7 3 10 6 6 6 3 5 3 2 10 4 10 9 2 10
TheMarriageofMariaBraun 8 3 2 1 4 8 5 5 6 7 10 7 9 4 9 4 1 3 3 5 9 1 8 8 6 3 6 3 1 1 7 9 2 8 3 6 7 7 6 4 8 3 8 7 3 7 1 6 7 7 8 10 3 1 4 8 7 8 6 7 4 7 10 5 8 9 6 1 4 8 2 4 9 8 3 1 1 4 10 9 6 10 5 10 3 4 4 6 3 6 5 4 6 5 6 3 8 10 4 6 6 4 3 3 1 10 8 3 7 4 6 4 3 10 5 2 2 5 6 6
M 9 10 3 4 10 7 10 10 1 2 5 8 1 4 1 7 7 7 3 7 3 5 8 4 2 3 8 3 3 7 10 6 8 9 1 2 6 10 2 8 7 2 6 9 3 9 6 10 2 6 4 7 10 1 7 3 5 9 8 10 3 9 2 3 2 1 4 4 8 7 2 2 4 8 6 7 3 8 9 3 5 7 2 4 3 10 9 6 2 7 9 8 5 5 6 10 7 6 3 1 2 9 4 1 9 2 6 4 6 5 1 5 4 2 2 6 5 3 2 5
Ten 5 1 9 1 6 6 7 6 10 5 9 3 4 8 6 8 5 2 3 9 3 2 8 7 4 1 7 2 1 9 5 8 10 7 3 6 3 7 6 8 9 9 1 2 8 3 4 9 7 9 8 7 10 9 7 7 5 1 2 5 8 8 10 1 9 1 9 5 1 7 3 1 2 4 4 8 3 4 4 1 5 3 1 4 8 7 10 4 10 4 2 6 3 2 3 9 4 1 5 6 9 4 2 8 8 5 5 7 1 5 1 7 1 3 6 3 9 2 7 5
TheIntruder 5 10 10 7 5 4 10 4 7 6 7 7 8 2 2 1 3 8 2 2 8 8 6 10 4 9 1 3 1 9 10 8 3 8 2 3 5 6 6 6 6 3 1 10 5 10 10 2 8 2 1 1 4 4 4 7 4 2 1 7 2 7 8 9 8 5 3 10 8 10 1 3 1 4 1 2 6 4 7 4 6 9 8 4 4 8 8 4 1 10 10 8 7 4 7 8 2 10 8 3 3 1 9 9 9 1 4 3 6 2 6 6 1 8 5 3 8 9 4 5
The400Blows 4 8 5 2 8 7 8 8 6 9 1 10 2 4 1 4 4 5 5 1 8 1 8 1 3 3 6 7 10 7 8 4 1 10 10 2 10 9 5 5 3 7 7 8 8 7 4 6 10 1 7 4 5 10 1 10 4 10 7 4 2 4 3 4 5 6 5 4 6 8 1 6 9 2 1 10 9 10 2 5 2 6 4 3 8 6 6 7 8 4 6 4 1 7 8 1 3 3 2 7 7 5 8 5 1 7 1 4 9 4 2 1 1 3 4 6 7 4 7 9
NewsfromHome 7 6 5 6 6 2 4 7 7 9 5 3 7 10 3 3 9 10 8 3 6 6 8 3 1 9 7 4 8 10 10 4 6 6 8 6 6 5 3 8 10 4 7 4 7 9 1 5 5 6 3 4 3 10 2 1 8 1 10 5 3 6 10 4 2 1 7 3 6 9 5 9 4 10 1 10 10 7 4 4 5 10 3 1 8 1 5 7 4 2 7 5 10 2 2 8 8 10 3 2 4 6 1 10 9 7 6 4 4 9 3 5 9 9 4 4 7 9 10 7
Trainspotting 2 10 5 8 4 6 8 4 9 1 1 10 3 4 1 6 7 5 7 7 10 4 9 10 10 7 1 3 9 6 8 2 6 3 2 5 5 7 10 7 10 2 1 3 8 2 9 6 3 2 10 4 4 2 10 8 9 8 3 4 9 3 9 7 8 6 8 3 1 8 6 6 10 8 4 1 9 7 9 9 4 7 4 7 3 3 6 5 9 8 4 3 7 5 1 8 7 6 3 7 8 6 1 10 5 8 2 4 5 10 5 3 4 1 3 6 9 6 10 5
BartonFink 4 8 4 2 6 3 9 5 4 9 6 3 4 8 9 5 4 10 3 3 9 7 8 10 3 2 1 8 7 6 10 3 10 8 6 1 4 5 7 7 1 7 1 6 9 1 7 7 7 6 9 8 10 5 6 2 8 2 4 5 8 2 8 3 2 5 1 5 3 9 1 8 4 2 7 2 9 10 4 7 3 10 7 1 6 2 6 10 1 1 7 10 3 1 6 8 10 6 8 4 10 8 10 3 4 1 10 1 2 9 4 3 7 9 2 4 2 2 5 2
Dumbo 8 1 10 7 10 6 1 3 6 2 9 9 5 7 9 8 8 8 7 3 4 1 9 5 4 5 6 6 7 8 9 5 1 10 4 2 4 8 5 9 6 8 5 9 8 4 6 5 3 5 2 3 2 1 3 10 10 4 8 8 6 6 2 1 6 6 10 4 3 1 9 6 10 6 10 3 4 6 3 4 5 9 9 8 3 10 1 9 9 9 3 1 9 3 10 3 5 9 1 5 7 7 2 9 3 7 7 6 7 6 8 4 7 10 10 6 8 8 1 4
Se7en 5 2 9 2 2 9 9 10 4 5 4 8 10 6 9 8 1 8 5 2 3 5 9 4 5 9 10 4 5 1 1 2 7 9 9 3 2 5 5 2 9 8 7 3 6 9 8 8 4 9 9 5 1 7 8 9 8 7 4 3 3 7 2 3 2 10 7 8 4 5 5 5 10 10 2 5 4 8 2 1 7 8 3 9 5 9 3 4 10 4 3 3 1 9 1 2 1 10 5 10 2 1 8 5 7 1 3 1 2 9 3 4 8 7 2 4 9 4 9 8
Senso 8 9 7 3 2 8 8 7 7 5 9 7 8 10 7 2 7 8 4 3 1 3 4 1 1 9 8 1 3 10 8 10 7 10 1 7 1 9 2 6 8 10 2 8 9 5 2 2 5 3 6 8 3 1 8 10 8 4 4 6 1 6 1 6 9 10 1 8 8 9 4 2 5 7 6 5 3 8 10 10 2 3 4 8 3 6 7 5 6 1 8 2 3 4 7 7 10 9 5 8 7 6 8 6 9 2 5 2 3 7 8 5 7 7 3 10 9 7 3 5
Magnolia 4 1 1 1 8 4 4 2 4 8 7 4 2 10 6 10 7 1 7 9 4 9 2 9 7 4 4 1 4 6 8 8 7 6 3 5 10 2 2 9 2 6 10 4 1 5 7 2 9 4 9 6 10 9 10 6 9 3 7 9 2 10 10 10 7 10 2 8 3 5 8 1 6 5 4 10 8 3 1 6 1 9 9 2 9 5 8 1 10 5 9 1 7 3 4 2 8 5 3 9 1 6 10 4 9 7 2 4 10 10 10 4 10 6 3 3 7 7 2 1
Stagecoach 1 2 4 6 8 7 2 9 8 5 8 9 3 2 5 7 3 9 4 5 1 8 7 8 3 9 6 4 1 4 3 4 9 8 5 3 3 9 9 2 1 1 7 7 2 4 10 10 9 8 7 6 10 1 8 5 8 5 3 1 7 3 3 3 4 3 8 5 4 7 6 7 9 8 10 1 10 2 2 5 2 4 5 9 4 2 3 5 10 8 9 1 5 2 6 6 5 5 9 10 8 3 7 4 10 2 8 1 7 7 1 10 7 1 7 4 2 8 6 2
PatherPanchali 1 10 10 10 5 2 1 3 6 7 10 4 5 9 9 8 9 7 4 9 1 2 9 6 3 7 3 5 9 6 7 4 3 7 5 7 5 10 5 3 10 10 5 7 1 1 7 5 1 4 1 4 2 6 1 8 8 9 5 1 8 5 7 6 1 5 1 7 10 6 8 3 2 6 2 10 1 7 10 4 7 10 9 2 5 7 10 9 8 3 2 9 2 7 3 7 7 5 4 7 2 5 2 9 1 2 4 10 2 9 2 3 1 6 1 4 1 1 6 1
ToKillaMockingbird 5 6 6 4 6 9 8 9 5 4 3 3 6 4 10 2 8 3 3 8 2 3 10 2 6 1 9 5 9 3 5 9 7 8 9 6 5 10 3 9 3 5 4 10 2 7 10 4 6 2 4 9 9 9 10 7 8 10 7 2 7 1 3 9 7 1 5 6 4 6 2 2 10 10 5 5 1 2 5 1 9 8 2 7 4 3 1 4 2 5 5 6 6 4 7 10 6 2 2 3 2 7 3 4 8 5 4 7 7 1 1 2 1 4 10 1 4 5 8 3
ChimesatMidnight 2 2 5 5 9 5 4 4 1 8 5 1 4 2 5 1 6 1 8 4 4 2 7 7 3 6 4 9 9 5 9 5 10 6 6 8 1 8 9 1 6 4 10 10 3 2 2 6 7 1 4 4 2 7 8 5 3 8 2 9 8 9 2 3 5 8 3 8 7 6 1 8 2 7 1 7 1 1 1 9 2 1 8 7 5 4 4 10 9 3 3 8 9 10 4 7 7 1 5 4 3 9 1 4 3 3 10 1 9 10 9 8 10 6 1 6 7 3 1 7
TheGoldenCoach 8 9 3 1 5 2 4 3 8 8 5 8 6 10 5 5 4 1 1 2 9 3 4 6 1 5 10 3 2 3 7 3 4 2 6 7 1 3 8 9 3 7 4 3 10 3 6 4 9 3 5 1 7 8 4 8 5 3 7 6 10 9 7 9 1 8 1 3 1 4 9 10 10 2 9 1 1 6 9 7 2 3 7 9 5 6 1 8 1 7 1 10 8 6 5 6 8 7 7 3 4 9 7 8 1 1 2 6 5 8 8 1 7 8 5 10 2 7 1 10
StrangerThanParadise 4 1 2 4 10 6 4 5 5 9 1 4 10 3 6 3 5 9 6 7 8 8 6 9 9 5 8 3 7 9 2 8 7 3 5 10 4 4 2 2 6 10 9 1 4 6 8 6 9 5 4 6 6 10 8 1 7 5 8 6 7 4 2 1 5 3 2 6 8 2 8 2 9 3 2 7 8 5 4 7 2 2 7 1 1 7 5 7 1 4 5 9 10 1 9 5 4 8 10 3 1 1 9 9 1 7 9 2 1 3 4 5 6 1 1 2 6 7 7 2
MildredPierce 4 6 4 9 5 3 7 6 8 7 4 8 2 8 5 1 2 5 6 7 2 5 8 4 3 7 3 7 1 1 7 10 9 7 3 5 1 4 1 7 4 8 7 10 1 10 7 10 1 5 7 5 8 2 2 8 7 10 6 8 3 3 1 9 7 6 6 10 9 4 6 8 1 10 4 9 5 7 4 10 5 6 3 10 1 3 5 4 5 5 9 8 4 1 6 6 10 3 2 1 8 3 9 2 6 10 4 7 8 7 6 7 2 3 8 4 1 2 5 7
DotheRightThing 7 6 5 8 2 6 1 8 4 9 7 4 7 1 2 6 4 8 1 10 6 5 4 5 6 3 9 4 8 3 5 2 7 7 4 6 7 10 7 6 9 2 10 3 1 6 4 8 7 4 5 10 9 1 10 6 5 5 2 6 6 5 2 9 1 4 2 10 7 7 9 8 7 4 3 6 3 10 7 5 4 1 4 1 1 3 7 2 8 6 1 5 1 6 7 9 8 6 5 10 3 8 5 10 9 9 4 3 1 7 10 2 7 7 9 9 6 7 8 3
FunnyGames 1 6 4 5 7 2 9 4 4 2 8 3 1 10 1 2 5 8 4 3 1 2 5 9 3 3 3 9 6 3 4 9 7 6 3 4 6 1 5 7 2 7 9 7 1 10 9 1 6 9 8 9 10 4 5 1 1 6 4 7 5 2 9 9 5 1 2 2 10 1 1 9 9 10 7 2 3 5 1 5 8 4 6 5 2 9 9 6 6 7 10 8 3 8 5 1 8 5 10 4 7 7 6 9 4 1 1 3 1 10 5 9 6 10 9 5 10 4 5 4
TheColourofPomegranate 7 8 9 10 2 4 9 2 4 8 3 8 5 7 3 9 9 6 10 3 3 10 5 7 3 9 6 5 6 4 3 8 6 3 4 9 5 2 2 7 10 10 2 10 10 8 10 5 8 1 3 2 10 9 1 6 2 4 6 4 10 4 6 5 3 10 3 4 4 6 10 4 4 1 1 5 6 5 7 8 8 3 1 3 6 8 1 6 6 3 3 7 6 1 6 4 10 5 4 2 4 3 9 3 3 5 6 2 6 7 7 3 5 10 4 8 9 5 1 2
EyesWithoutaFace 8 2 5 5 10 10 7 8 1 9 6 3 9 8 7 6 8 1 10 3 2 7 1 3 3 9 1 6 3 3 8 1 4 5 2 3 3 9 7 6 7 6 5 7 9 8 10 8 6 5 8 4 10 4 9 3 9 2 7 4 8 4 4 8 5 7 9 9 6 2 1 7 7 6 9 7 4 6 10 6 10 4 9 4 1 8 5 6 5 7 10 9 6 9 7 6 8 2 5 3 3 9 4 5 3 8 2 8 7 7 10 7 4 2 7 5 10 5 8 1
