LostHighway 6 7 6 4 1 2 3 7 6 5 3 3 1 8 9 9 1 7 10 4 5 7 10 7 3 4 3 3 10 5 7 9 10 3 7 9 5 8 8 7 2 4 9 5 6 7 7 6 6 5 4 6 3 10 8 8 3 6 4 6
Zodiac 9 9 10 6 6 10 6 5 10 1 2 2 2 7 8 1 7 7 8 10 10 8 10 1 6 10 1 2 2 2 8 9 7 6 10 7 2 2 1 1 8 8 9 2 3 1 4 2 1 10 3 10 5 5 7 5 3 9 5 3
Rushmore 2 4 1 10 3 3 10 3 2 6 7 1 10 5 3 9 5 7 7 7 3 8 3 2 10 7 5 4 8 10 4 10 10 7 1 6 3 3 4 2 10 3 3 3 4 10 5 5 8 10 5 4 5 5 1 10 2 2 10 4
ImitationofLife 8 4 10 1 6 5 1 10 2 6 8 3 8 1 6 10 2 9 5 2 1 8 7 5 2 5 6 4 8 1 10 10 3 10 2 7 3 10 4 5 1 4 9 2 1 8 2 2 10 7 1 7 9 5 5 7 5 5 6 9
Robocop 8 7 4 10 1 10 9 3 10 7 6 8 4 2 6 5 1 3 1 5 4 10 6 8 8 2 7 2 8 5 8 10 4 3 7 3 1 9 4 2 8 8 10 8 8 4 1 7 10 4 4 3 9 9 7 7 1 5 3 4
PortofShadows 6 3 2 8 9 6 3 7 3 8 8 4 8 3 5 6 8 10 6 4 3 10 2 4 8 10 4 9 10 9 6 6 10 3 8 6 4 8 7 9 1 9 9 1 6 6 8 6 6 9 8 1 3 6 1 6 9 5 6 10
RaisetheRedLantern 8 2 8 2 3 8 6 2 4 7 9 4 4 1 6 8 4 1 4 3 2 6 1 9 4 6 9 4 5 6 5 7 10 1 10 5 3 1 9 1 9 10 7 4 4 3 3 1 5 7 7 1 1 4 10 4 2 5 4 8
ArabianNights 6 4 4 3 2 10 10 8 9 6 9 9 8 2 6 10 2 7 1 5 3 5 8 10 4 6 4 2 2 4 6 2 8 3 7 4 2 5 9 4 8 5 6 2 1 3 7 8 10 10 3 7 10 6 10 7 8 4 1 2
OntheWaterfront 3 10 10 9 7 2 5 5 7 7 5 2 4 10 8 1 10 4 7 1 2 3 9 4 3 1 10 6 3 9 8 9 9 5 9 8 4 7 7 1 6 7 7 9 1 9 3 3 9 2 2 5 1 1 9 9 8 2 10 4
TheSilence 6 9 8 10 10 5 6 6 6 4 5 1 1 2 8 9 4 1 3 2 5 4 2 10 8 9 2 3 3 10 3 10 9 10 9 2 8 7 2 10 10 1 2 10 9 1 2 3 2 2 9 4 1 5 1 7 6 2 10 6
TheMatchFactoryGirl 3 7 5 2 7 5 5 2 3 10 4 6 9 5 7 3 5 2 4 4 9 3 9 5 2 9 1 5 10 6 8 4 10 5 2 10 2 2 9 6 4 6 5 2 1 3 6 1 5 2 4 4 2 4 4 6 9 7 7 5
TheGreatDictator 5 10 5 2 10 3 9 7 8 7 8 9 9 6 2 7 7 7 8 3 7 7 2 7 8 8 7 6 9 6 6 7 5 4 7 7 6 3 2 2 10 3 6 4 1 5 5 10 5 5 2 5 10 8 3 6 4 9 1 4
PrincessMononoke 2 1 1 7 4 2 3 3 6 6 7 4 6 5 8 1 6 7 10 5 3 4 7 3 8 6 5 7 5 9 4 4 7 6 1 9 8 4 9 6 7 10 9 5 6 8 1 3 10 6 6 9 3 10 5 8 1 6 2 3
AshesandDiamonds 9 9 1 9 10 7 10 7 3 3 3 10 1 10 8 9 8 7 1 7 3 6 7 9 5 3 9 3 1 8 5 8 4 8 9 3 9 10 6 5 1 4 8 2 8 9 2 6 4 9 10 6 9 6 5 4 5 2 9 10
Underground 4 4 4 9 7 10 3 4 10 5 10 6 1 10 1 4 10 5 2 2 4 4 9 6 10 3 6 8 3 6 4 5 8 1 7 2 8 3 6 4 10 9 8 9 9 8 4 1 5 3 3 3 2 6 10 3 9 3 3 1
JFK 5 3 6 1 1 5 6 5 8 8 10 10 4 9 4 6 3 5 5 8 8 1 9 4 8 8 2 3 7 9 1 4 8 3 5 8 3 2 7 7 8 4 4 7 2 5 6 2 2 7 1 9 5 4 10 7 6 3 6 5
TheNewWorld 3 5 3 5 7 10 8 3 3 4 1 7 6 10 2 5 9 10 4 5 10 6 7 7 10 3 6 9 3 7 1 9 6 4 9 7 8 7 7 5 7 5 6 10 3 2 5 5 4 9 4 10 2 10 9 9 10 2 5 8
DoubleIndemnity 3 6 1 6 5 5 3 7 5 4 2 8 5 10 3 4 2 6 2 1 4 3 6 1 7 3 1 9 8 10 10 1 9 2 6 2 4 5 2 5 1 4 9 10 4 5 10 3 10 7 8 1 3 2 3 5 6 2 2 9
Ghostbusters 3 9 9 9 1 10 9 9 9 10 10 10 8 6 3 5 7 5 5 1 1 9 5 8 10 7 3 6 5 8 9 6 10 9 1 5 10 3 9 10 9 4 7 8 4 6 1 4 1 5 3 4 9 6 6 3 1 7 7 2
RioBravo 6 10 6 2 7 6 2 10 2 5 2 5 2 9 7 3 2 4 7 8 7 6 6 6 1 7 3 10 10 2 6 2 8 2 1 5 7 9 8 1 8 3 7 7 9 6 3 1 4 5 7 2 1 7 9 2 1 2 10 2
SawdustandTinsel 5 10 6 9 6 9 10 5 3 1 4 1 2 4 4 2 10 5 5 3 9 3 9 10 10 8 4 7 6 7 5 6 7 10 5 10 10 7 10 9 8 3 1 5 5 3 2 2 3 3 4 8 9 2 2 8 1 8 7 3
TheMotherandtheWhore 7 9 10 5 5 2 4 10 5 8 6 6 9 10 2 9 1 7 7 6 9 4 5 6 3 1 10 4 9 2 3 10 7 9 9 2 1 2 10 2 7 1 1 2 3 4 4 9 10 2 3 6 4 6 2 7 9 6 9 5
Contempt 1 10 3 4 9 7 5 10 5 2 9 10 5 10 9 4 1 6 3 10 10 1 7 2 4 4 2 6 6 1 4 9 2 9 5 5 10 7 10 2 5 9 7 6 4 2 1 2 6 8 2 5 3 9 1 4 8 9 3 1
TheIdiots 6 2 5 6 2 2 3 7 5 7 3 5 2 4 6 3 8 9 2 4 2 5 6 3 5 7 8 10 10 5 1 2 4 10 6 8 4 5 10 2 8 8 9 3 8 10 9 7 1 1 1 9 1 9 1 4 4 5 9 7
TheGodfather 5 2 3 8 4 1 7 1 10 4 9 4 4 4 1 5 8 6 8 7 4 3 6 5 5 9 8 6 8 4 2 8 5 8 9 4 1 2 3 9 7 2 7 5 3 7 5 1 8 2 2 9 6 2 9 9 9 9 5 7
StarWars 4 4 4 5 5 4 1 2 2 8 9 10 4 5 3 8 10 3 3 8 3 2 3 2 8 2 7 6 5 10 5 9 5 6 9 4 6 2 7 9 4 2 10 6 2 5 8 1 7 7 10 9 4 8 9 9 3 9 4 9
AllQuietontheWesternFront 1 1 8 1 2 5 4 5 3 7 7 10 6 10 8 4 1 10 2 2 8 5 8 8 7 10 6 9 2 6 6 8 1 7 1 2 9 1 7 8 1 8 1 10 4 9 1 2 4 4 6 9 5 7 9 4 6 4 6 9
AStarisBorn 7 7 4 8 8 4 2 9 8 9 3 8 7 7 3 5 2 2 9 6 1 7 1 8 2 8 5 5 2 4 1 8 8 3 10 2 7 5 3 10 1 8 7 2 7 4 7 9 5 9 1 10 10 10 6 1 9 5 3 7
FoolishWives 7 8 10 10 9 10 9 3 1 9 7 1 1 7 2 7 8 2 4 3 4 10 4 1 2 9 6 1 1 3 6 6 8 2 10 2 7 5 5 4 1 9 10 5 10 5 8 6 6 3 4 10 3 5 6 3 2 1 9 5
Terminator2_JudgmentDay 5 4 10 4 2 6 4 9 10 8 10 3 6 10 3 3 2 9 2 8 10 4 4 5 7 10 4 6 6 4 4 8 9 9 9 8 7 9 9 3 7 3 7 3 4 3 4 10 2 2 10 3 1 7 3 9 8 1 9 7
GoodFellas 8 3 1 8 8 5 10 2 10 7 10 4 6 8 8 1 1 8 10 10 4 9 6 8 5 3 3 6 2 4 4 7 7 4 3 4 1 9 7 3 3 5 9 10 9 1 4 6 2 10 3 8 10 5 5 3 10 8 9 7
TerraemTranse 2 9 6 6 3 2 1 9 4 10 1 2 1 5 8 2 3 8 1 8 2 10 7 2 2 1 8 3 4 10 10 10 1 3 4 8 9 1 6 7 1 1 1 5 2 9 10 7 3 3 8 10 10 3 6 1 4 5 6 6
GunCrazy 10 7 5 10 7 1 2 8 2 7 5 5 3 8 4 7 9 9 4 10 1 7 7 9 5 1 8 10 10 5 8 5 4 10 9 8 8 7 7 8 8 1 8 6 5 6 2 9 4 4 10 8 9 6 1 10 8 1 1 1
TheWeddingMarch 2 9 4 2 6 5 3 3 7 1 4 10 4 1 5 9 8 4 3 10 1 3 6 3 6 8 3 2 9 9 8 8 8 5 4 6 1 6 10 7 3 4 4 10 10 4 8 10 10 10 5 10 10 2 9 9 6 3 6 5
SevenWomen 6 5 8 6 6 9 3 7 8 1 7 9 9 3 10 5 9 7 9 3 3 3 4 7 6 6 5 7 7 2 5 9 4 9 4 4 8 5 8 9 3 9 8 4 8 7 6 3 3 3 5 9 6 10 8 5 2 2 5 6
Limelight 4 10 3 10 8 1 3 5 3 10 5 4 9 1 7 1 3 3 4 1 6 4 7 6 7 5 10 3 3 1 3 4 8 6 2 5 8 3 8 9 10 10 2 1 2 4 5 1 10 9 10 9 7 4 2 6 2 6 8 7
TheTerminator 8 6 8 10 8 1 7 1 3 9 6 10 7 2 7 8 2 9 6 5 2 6 2 4 1 4 9 4 1 2 10 7 8 8 9 2 2 2 9 3 6 5 1 3 2 4 3 5 9 1 2 10 3 4 8 1 2 5 9 7
MiracleinMilan 5 4 3 7 8 8 2 4 6 6 9 9 9 3 7 10 7 4 6 6 1 5 6 4 2 9 6 9 2 4 6 10 7 2 3 6 2 4 4 10 2 5 10 5 7 1 5 1 6 2 9 2 10 8 3 3 7 8 6 1
SaturdayNightFever 8 7 8 8 8 7 5 9 5 10 2 6 7 7 8 1 7 5 8 2 5 2 6 2 2 8 3 3 3 7 6 3 5 8 4 3 4 7 8 5 1 2 4 4 4 4 2 1 7 5 2 1 6 2 1 7 6 2 1 4
FannyandAlexander 5 7 7 6 10 1 3 10 4 3 4 10 7 1 3 3 2 8 10 6 3 4 7 2 2 3 3 5 7 10 1 10 1 7 8 4 10 10 4 2 2 3 7 10 8 5 6 3 10 9 2 9 6 2 9 5 4 5 5 7
TheGreatEscape 6 2 10 1 6 3 1 1 4 10 3 8 10 8 5 8 9 2 4 9 6 10 3 10 5 4 4 5 9 8 7 5 2 8 9 4 10 4 4 9 4 9 9 9 2 6 6 10 3 10 4 8 2 1 10 5 5 3 4 7
SweetSmellofSuccess 2 7 6 10 2 10 6 3 2 7 6 1 8 8 10 2 10 4 2 9 8 8 3 5 2 1 9 7 4 9 1 5 9 9 1 7 6 2 7 6 5 6 9 1 7 5 7 1 5 5 7 5 3 9 9 5 10 5 7 7
TheThirdMan 8 4 6 4 9 9 4 10 5 8 4 2 5 9 7 2 10 10 8 7 6 2 9 8 8 3 2 6 5 3 7 2 4 6 10 10 9 7 10 8 7 1 7 6 4 2 7 7 3 10 7 3 6 7 3 3 9 8 9 1
Alien 7 10 1 4 9 6 10 1 9 4 5 7 6 10 8 10 2 6 8 4 7 10 6 3 4 5 10 4 3 6 10 3 3 4 7 2 8 3 1 2 7 6 4 3 7 2 7 9 8 7 8 1 3 6 2 2 4 2 8 6
TheShawshankRedemption 1 8 2 1 2 8 6 7 1 7 5 8 5 9 6 4 10 2 1 7 4 9 7 8 9 9 10 2 1 5 9 1 7 3 8 7 5 10 1 3 3 7 2 6 7 2 9 4 5 4 10 10 10 8 5 9 2 2 7 3
TasteofCherry 7 3 7 9 3 10 6 8 10 6 8 7 6 8 5 6 5 7 9 5 2 8 3 4 9 4 3 4 6 10 5 5 5 7 7 6 8 7 5 4 7 4 6 8 8 4 10 10 10 5 5 7 1 7 10 6 6 1 7 9
Ossessione 4 3 6 7 10 3 2 1 2 9 5 3 8 4 4 3 3 6 1 3 6 7 2 8 8 7 5 1 2 8 4 7 9 9 10 8 7 9 9 10 7 8 8 4 10 4 9 5 7 1 3 6 7 9 7 8 1 4 4 9
TheVirginSpring 2 2 7 5 9 10 8 6 3 7 3 4 2 4 10 9 3 1 2 8 8 6 2 10 1 2 6 10 4 3 8 4 3 8 7 5 2 9 9 8 4 4 8 2 7 10 1 3 2 2 10 5 3 3 3 7 2 6 10 6
ComeandSee 9 3 4 4 9 8 10 6 4 9 1 7 4 7 6 9 8 4 6 7 3 9 4 1 4 7 8 6 5 7 7 3 8 9 4 3 9 8 2 9 4 10 10 10 2 4 3 1 4 9 9 9 3 1 3 5 6 7 6 9
DayforNight 2 9 8 3 9 5 6 2 8 2 8 10 1 4 8 1 4 6 3 1 9 4 3 4 1 5 10 4 2 2 8 1 2 4 2 3 3 3 2 5 5 8 2 5 10 7 5 7 1 6 5 8 8 1 8 6 8 3 6 4
Scarecrow 4 9 5 6 5 6 9 10 4 9 9 10 3 5 1 7 3 6 7 10 7 4 4 4 4 6 8 2 4 4 4 5 7 8 9 2 7 10 8 4 8 4 4 9 2 2 4 10 6 6 1 5 5 10 6 1 2 10 10 4
BytheBluestofSeas 1 7 7 8 8 3 10 8 9 5 9 5 7 8 8 3 8 3 9 4 4 4 9 1 8 7 4 6 5 1 8 9 5 3 10 9 1 9 7 3 6 1 4 9 8 3 6 3 3 4 6 4 9 8 5 5 5 10 4 8
BarryLyndon 3 3 7 8 1 7 7 6 6 7 6 3 3 10 5 4 2 2 6 10 7 6 6 2 10 1 4 9 9 10 9 2 5 7 8 1 4 7 8 7 7 6 7 7 4 6 6 8 4 4 1 3 7 2 7 4 9 5 9 3
AGrinWithoutaCat 8 10 5 7 3 3 10 9 2 6 5 8 4 7 6 6 2 7 2 7 4 4 3 9 10 4 2 6 7 7 5 2 6 9 3 4 1 9 9 4 1 5 6 1 1 5 2 5 7 4 5 9 1 2 10 4 3 1 6 2
Dracula 5 3 6 2 6 5 6 8 1 7 8 2 7 7 8 2 8 10 3 1 3 1 1 9 4 6 6 1 4 6 3 5 5 4 4 9 8 8 6 3 10 7 7 7 5 10 10 4 4 4 9 3 2 5 4 8 1 10 7 8
TheGoddess 3 5 10 6 6 1 4 2 5 4 3 9 9 3 8 4 6 3 8 1 3 1 5 6 6 7 1 5 5 10 3 4 10 1 6 7 10 8 2 2 6 10 1 4 3 7 3 9 3 10 2 1 4 6 5 10 10 7 10 9
StrangersonaTrain 2 9 6 2 9 9 3 5 9 10 9 8 7 3 6 4 2 5 7 1 9 9 1 2 4 3 5 9 1 10 8 6 2 3 2 5 9 10 5 7 6 1 9 2 4 10 3 2 8 7 3 3 1 4 8 10 1 1 3 10
OurHospitality 5 9 9 4 1 10 8 6 6 1 7 8 4 2 3 3 1 3 9 6 8 1 4 10 1 4 5 2 9 8 1 2 5 1 9 10 6 1 4 9 6 10 7 1 4 10 5 8 2 2 4 4 5 10 10 2 1 6 2 6
LastTangoinParis 6 7 5 10 8 2 9 1 9 5 9 4 9 8 7 9 5 7 6 6 1 1 5 1 10 5 8 2 1 8 6 10 2 6 10 4 5 6 3 2 9 5 5 7 3 7 7 1 1 4 4 10 7 2 5 10 2 8 4 3
TheStoryoftheLastChrysanthemums 8 9 9 10 6 6 9 9 9 4 4 7 8 6 2 5 3 1 1 6 6 2 5 6 2 8 3 1 1 3 7 6 5 1 6 3 4 10 7 7 4 3 4 1 6 10 9 9 10 7 6 4 7 9 10 8 7 3 4 7
ShadowsofOurForgottenAncestors 7 10 2 1 5 1 10 2 1 6 10 3 7 8 8 4 2 1 2 5 3 4 7 6 9 5 8 1 4 3 6 4 3 3 10 8 9 2 5 4 7 10 3 6 10 6 3 10 3 10 7 1 5 10 7 5 8 10 2 5
EasyRider 2 9 1 5 1 8 1 2 10 2 4 3 2 6 2 10 7 7 2 1 5 4 2 9 8 8 7 6 9 6 10 1 7 10 9 5 5 8 10 1 10 4 8 4 3 5 6 1 2 8 1 9 4 7 5 4 8 5 10 5
TheParty 8 10 5 6 5 5 1 3 7 6 2 6 8 3 4 8 10 8 4 10 5 10 10 9 1 1 4 7 9 9 3 7 7 5 5 6 7 1 8 2 5 8 1 4 3 2 9 7 1 8 5 10 1 4 4 6 6 5 6 8
ChungkingExpress 9 2 8 4 9 6 6 6 3 6 3 9 7 4 5 3 9 7 5 1 9 7 10 10 8 4 4 3 3 1 3 9 2 4 2 3 2 7 6 7 5 5 9 3 2 4 6 6 7 4 9 6 6 1 5 3 4 10 3 9
Chikamatsumonogatari 10 9 6 3 9 2 7 2 9 2 10 4 1 5 3 4 8 1 8 5 1 9 5 4 8 8 6 7 1 3 7 4 4 1 4 2 1 8 2 8 4 2 2 10 10 3 10 4 8 3 8 7 7 6 7 2 7 10 4 9
FforFake 2 5 7 10 3 10 1 5 2 6 8 1 6 2 1 5 10 4 5 1 2 1 10 9 8 8 6 8 4 6 1 6 6 1 6 8 6 7 9 5 2 7 4 3 4 3 5 6 9 3 5 1 8 7 9 2 9 1 8 3
Providence 5 9 5 9 6 9 3 6 4 7 9 8 8 9 6 6 8 10 10 8 8 1 6 10 10 9 2 1 5 2 1 7 6 2 1 5 9 1 7 3 8 9 5 1 9 1 4 7 8 7 7 1 1 6 7 10 9 4 5 7
Superman 9 7 3 10 6 2 1 1 7 10 6 8 5 6 5 1 4 4 6 8 1 10 1 4 10 8 8 1 2 4 5 10 7 9 5 5 5 6 2 3 1 9 8 5 2 1 2 5 5 3 7 1 6 2 3 8 6 2 5 8
AAmericaninParisn 10 9 1 8 10 3 4 4 4 1 10 8 1 9 6 8 8 6 10 8 4 8 8 8 2 5 3 7 2 9 4 7 7 5 6 5 9 1 3 6 10 1 5 9 3 10 9 8 10 8 7 2 1 6 2 5 1 5 5 2
Detour 7 4 10 3 1 1 7 8 9 3 1 9 7 7 5 5 5 6 8 3 1 1 7 9 3 10 8 5 1 7 5 8 2 2 9 2 5 4 10 7 1 2 10 3 9 7 8 8 2 9 4 7 10 9 7 4 5 6 4 4
Videodrome 6 8 3 4 1 5 1 1 2 7 10 3 9 9 2 10 5 5 2 9 4 4 4 5 2 3 1 6 5 9 6 2 8 6 4 4 10 5 9 3 9 10 2 7 5 4 5 9 8 5 6 9 8 4 4 3 5 2 5 3
DazedandConfused 5 10 1 6 4 7 8 9 6 5 2 6 6 9 5 3 2 2 3 10 9 6 1 5 7 4 5 7 5 4 2 1 4 10 6 2 7 4 10 10 10 9 10 6 4 4 5 4 8 1 6 7 8 7 10 8 2 3 1 4
RedDesert 9 6 7 4 10 4 5 7 7 5 7 2 3 8 3 10 1 2 5 3 7 4 7 5 5 8 3 9 1 8 4 7 9 3 5 10 8 4 6 4 8 8 6 6 3 10 3 7 3 7 1 5 4 7 10 3 6 6 6 5
ABrighterSummerDay 9 6 7 8 7 8 1 1 8 8 1 1 5 1 9 5 4 4 2 4 7 3 8 10 10 2 5 5 2 10 10 2 5 7 5 5 8 6 1 4 1 8 1 5 3 1 5 9 6 10 10 9 7 9 8 1 2 9 6 7
AceintheHole 9 2 4 8 2 7 10 10 4 10 1 5 7 10 1 5 8 6 8 9 3 2 2 6 7 2 9 8 9 3 9 2 2 3 6 4 9 10 3 8 7 6 6 6 6 7 1 4 7 7 1 8 6 8 1 3 3 3 8 9
HighandLow 6 9 9 1 2 4 8 5 2 5 8 4 10 2 8 1 5 6 9 4 3 1 5 2 10 2 8 1 9 7 10 8 9 9 3 8 8 10 9 2 9 6 4 4 3 3 5 3 8 9 10 8 2 3 10 3 7 8 8 6
MadMax2 3 8 2 8 1 6 8 6 5 6 10 4 2 9 7 9 10 8 2 6 8 3 4 7 2 3 6 9 5 6 9 3 10 6 3 6 3 2 7 2 1 8 1 10 4 6 8 5 1 4 10 2 8 7 5 10 7 4 9 9
Rebecca 4 1 8 1 1 3 8 2 10 9 3 1 2 1 8 10 9 1 3 8 10 9 1 6 6 3 2 7 3 9 8 1 5 10 4 2 2 7 7 2 3 7 3 7 3 1 9 10 7 3 10 9 10 4 2 4 8 8 9 10
ShootthePianoPlayer 4 4 10 6 7 6 8 3 8 7 6 6 8 7 8 6 10 8 2 2 5 8 7 8 3 3 5 7 7 9 8 2 10 4 8 9 8 5 2 10 5 3 3 9 7 4 9 6 6 3 5 1 5 8 3 5 2 9 10 10
TimeoftheGypsies 9 3 8 4 3 4 1 5 2 10 9 4 1 9 9 6 6 4 7 10 10 6 7 7 10 2 2 8 4 3 5 9 8 4 1 2 3 7 4 1 1 1 7 3 7 2 2 1 9 1 5 5 7 4 4 3 9 5 3 1
EastofEden 5 7 5 1 3 4 10 1 4 7 7 4 4 5 9 6 8 6 2 1 2 3 8 2 4 5 8 2 5 6 4 5 9 7 5 10 8 1 2 10 7 6 9 10 3 9 7 5 6 3 4 4 7 5 8 2 6 4 3 9
HaroldandMaude 7 7 2 5 1 5 1 1 3 7 7 3 2 1 10 7 1 9 6 10 5 7 1 3 8 10 9 5 7 1 2 9 8 8 5 1 5 10 1 5 5 5 6 4 4 10 5 10 3 4 4 6 6 2 9 6 10 7 7 8
LateSpring 1 3 5 1 1 8 1 3 3 9 4 7 5 7 1 9 6 4 4 5 4 9 5 2 3 7 3 4 4 1 2 1 1 1 9 5 2 6 9 7 6 9 6 2 5 2 4 5 1 8 9 6 2 9 2 10 1 8 3 4
Earth 5 10 8 5 4 9 3 3 5 1 1 6 10 3 3 6 8 3 2 9 7 1 8 6 7 6 8 5 1 9 3 7 5 9 9 9 10 5 3 4 3 3 6 1 7 3 9 7 7 6 1 7 4 7 5 3 2 9 6 8
TheBreakfastClub 5 1 3 7 9 10 6 9 3 6 9 5 10 7 3 1 2 6 2 8 3 3 10 4 4 4 6 5 4 10 2 8 8 8 10 7 1 1 2 7 8 7 3 8 2 3 2 4 3 10 3 4 4 4 4 5 7 8 8 10
ThePassenger 7 9 5 2 10 6 4 2 9 1 1 2 7 9 6 7 9 7 4 6 5 1 1 6 5 8 3 10 8 8 1 8 1 7 1 8 9 6 9 5 2 9 5 1 1 2 2 5 7 8 10 8 8 9 8 3 7 5 10 6
WildStrawberries 8 2 4 6 5 4 1 8 8 7 8 1 10 7 5 7 10 10 6 6 3 3 1 1 1 3 4 4 8 4 7 5 8 8 2 3 6 5 2 5 9 4 5 9 6 4 1 5 5 1 3 4 10 2 4 7 5 9 2 4
PulpFiction 1 4 10 5 8 1 2 4 10 10 8 2 9 5 5 6 3 10 2 10 2 5 2 9 3 10 10 3 5 10 6 4 3 5 10 4 8 5 8 1 5 7 3 3 7 9 8 1 5 10 7 10 5 4 7 9 10 7 5 6
AAutumnAfternoonn 1 10 9 10 7 7 8 10 7 1 2 9 4 10 5 1 9 8 8 9 2 2 7 3 6 2 3 10 9 9 1 6 1 3 2 10 4 8 4 4 7 1 10 7 8 10 3 8 4 10 4 2 5 8 7 5 6 5 3 6
TropicalMalady 3 4 3 5 3 10 9 5 1 2 5 2 4 1 8 5 6 3 1 2 3 3 9 10 9 10 5 1 8 8 7 8 9 5 2 3 3 1 8 9 5 6 2 6 2 2 3 10 4 9 1 4 5 6 8 8 5 3 8 8
Vampyr 3 9 9 7 7 7 9 6 9 3 2 8 6 2 2 6 9 10 1 10 1 2 10 6 8 7 5 9 2 10 2 5 2 6 9 2 8 4 2 7 9 1 1 3 7 4 7 8 2 6 1 6 10 3 3 2 8 4 1 9
SecondBreath 7 10 2 9 10 7 10 3 9 8 3 5 8 5 9 8 4 6 7 6 10 4 6 7 7 4 8 6 4 10 2 4 9 4 10 1 1 7 6 9 10 7 8 3 6 2 2 2 5 10 4 4 3 2 4 1 1 5 2 2
TheHustler 9 1 1 5 10 4 6 10 3 6 10 3 5 10 1 1 1 6 5 9 6 1 2 3 9 6 3 4 2 5 10 1 7 2 6 4 10 3 6 3 3 5 7 10 7 4 6 7 6 3 5 7 1 4 9 2 5 9 3 10
BlackGirl 3 2 4 10 1 7 7 4 6 6 8 6 2 9 10 5 4 6 8 8 4 9 10 10 2 6 4 9 2 2 5 2 10 7 4 8 8 4 6 6 10 1 4 1 10 5 7 10 7 6 9 4 3 5 1 2 9 2 8 1
TheDaytheEarthStoodStill 10 10 2 2 9 4 3 5 9 2 5 8 3 1 10 3 2 3 6 10 7 9 4 2 9 5 4 5 2 9 3 3 3 8 6 6 5 4 1 9 10 7 1 4 2 10 5 10 5 6 7 5 5 3 9 7 4 6 7 8
Distant 2 9 1 8 9 2 3 5 5 8 6 10 10 1 7 7 1 5 9 3 10 8 7 3 6 8 10 1 3 5 10 10 4 7 7 10 3 3 4 9 10 5 2 9 5 5 2 10 3 4 4 10 5 8 8 4 9 1 8 1
Orpheus 4 9 1 1 3 10 9 9 10 4 3 1 3 2 2 3 9 5 6 10 6 7 8 5 9 5 6 2 9 6 7 5 2 10 2 5 5 7 1 2 4 5 6 6 4 9 1 7 3 8 7 6 5 2 8 1 3 8 4 5
TheAscent 4 7 9 3 5 4 6 5 10 10 8 8 5 5 4 6 6 7 3 5 6 8 6 6 9 9 6 8 1 10 6 2 1 5 2 3 2 6 6 10 7 2 10 1 4 9 7 5 1 6 5 6 10 9 1 1 1 2 1 9
TheLadyVanishes 4 5 1 10 5 3 4 7 4 10 7 5 1 2 1 3 1 10 3 3 7 8 8 7 4 4 5 1 6 2 8 2 5 8 4 3 10 7 2 10 3 4 2 6 8 6 8 8 3 2 5 8 8 10 6 6 5 9 5 7
CityLights 6 5 5 10 9 9 6 8 10 6 9 5 10 10 5 10 2 5 2 1 10 5 4 2 1 9 3 6 10 8 9 3 5 3 9 2 7 8 7 4 4 1 4 7 6 7 5 7 4 9 9 6 1 9 3 9 7 5 6 8
TheSeasons 4 10 6 6 4 5 5 7 6 8 9 8 5 1 7 6 2 6 1 8 5 9 4 2 3 8 7 4 9 1 2 10 10 6 5 5 9 3 5 2 1 6 1 3 4 9 6 9 3 5 7 9 5 10 7 8 1 2 8 9
Tristana 5 2 1 3 2 5 3 6 2 8 1 4 3 1 9 5 1 4 10 6 8 5 4 1 7 3 9 9 8 1 10 4 4 9 4 8 5 10 10 10 7 8 6 2 8 6 6 4 8 4 8 9 8 8 9 2 3 9 10 4
TheAsphaltJungle 3 8 7 2 2 10 7 1 4 1 6 6 10 1 8 6 1 10 1 6 1 10 8 6 8 5 8 6 5 4 1 1 6 7 3 6 7 4 6 5 9 6 7 9 8 8 3 7 6 10 10 2 3 4 2 9 6 8 8 4
Vagabond 5 2 3 7 7 10 1 2 4 8 3 8 5 2 2 8 4 4 1 9 5 8 5 6 3 5 5 6 8 1 1 8 1 10 10 7 7 7 8 8 5 10 4 4 1 10 9 9 10 5 7 7 2 3 3 10 8 9 4 8
TaipeiStory 1 2 1 2 5 3 9 1 7 10 3 3 2 1 7 10 3 7 4 7 3 1 6 1 3 1 3 5 1 10 4 2 1 10 2 9 1 4 1 6 6 7 6 5 5 8 10 3 2 8 6 1 4 7 8 8 5 8 4 9
ANightattheOpera 10 5 1 8 7 9 7 9 3 10 7 10 4 3 2 3 1 8 4 7 7 7 6 10 8 10 1 7 3 9 5 4 4 1 2 9 4 2 8 8 8 10 6 8 10 9 7 8 7 6 3 7 6 6 2 3 5 1 4 10
AllThatHeavenAllows 2 1 4 9 5 4 7 9 8 4 6 1 2 6 3 3 10 2 6 6 3 3 5 9 10 4 5 5 1 9 1 4 7 4 9 5 4 4 1 2 1 8 1 3 2 6 10 4 8 4 6 4 7 9 1 5 2 1 7 5
Performance 1 10 9 3 4 7 2 2 4 9 2 2 3 1 5 1 6 8 4 4 6 10 10 8 2 1 8 9 10 7 7 5 1 5 6 2 2 1 3 5 2 9 2 9 8 2 6 2 5 1 10 1 2 4 3 7 10 1 9 1
GroundhogDay 3 1 6 7 10 3 6 5 1 1 6 4 2 9 2 2 1 7 2 3 10 1 10 2 8 9 7 3 10 4 10 7 2 7 3 10 5 2 7 6 8 8 9 10 10 9 9 5 1 7 1 3 2 2 6 4 9 5 3 6
MadMax_FuryRoad 3 7 2 4 6 8 5 3 4 9 4 10 6 9 5 2 4 1 7 2 8 10 8 6 7 1 1 4 6 4 1 6 6 5 9 1 4 3 6 7 2 7 10 4 3 1 1 5 3 4 2 5 4 3 3 1 1 3 7 3
TheInnocents 8 9 5 2 3 7 8 4 5 4 10 7 4 1 2 10 2 10 6 4 7 6 8 7 3 4 9 2 10 5 6 1 2 6 5 1 2 10 8 8 1 10 5 3 7 4 7 3 10 6 1 6 7 8 10 2 10 5 6 7
ThePuppetmaster 9 4 4 6 3 10 8 5 6 1 4 3 8 4 9 6 9 3 2 3 4 9 3 10 5 6 3 8 3 6 7 3 2 6 10 1 1 6 9 10 2 9 9 9 3 9 10 1 1 2 10 2 9 6 3 3 4 2 4 1
AssaultonPrecinct13 9 7 4 3 4 7 8 4 10 5 4 2 2 3 6 8 7 8 5 9 1 2 4 10 5 9 8 9 4 2 6 3 10 6 7 8 5 7 8 10 4 9 3 3 10 8 10 10 10 3 7 5 2 4 5 9 9 5 5 5
ThereWillBeBlood 7 3 7 2 2 1 9 1 9 6 2 3 10 5 9 7 10 5 5 9 2 3 2 1 2 4 6 1 2 10 8 9 6 3 9 3 6 8 4 9 3 10 5 6 5 1 4 8 7 5 3 5 10 5 1 6 9 10 7 7
IndiaSong 2 5 9 10 2 1 4 7 5 2 9 9 4 3 7 2 9 1 7 1 1 5 5 3 8 10 6 2 10 10 9 5 4 1 4 10 7 5 1 5 10 9 5 7 8 4 10 9 8 6 8 5 5 1 1 1 4 2 6 5
Wavelength 10 2 1 6 7 1 2 2 2 9 6 8 2 1 6 7 4 7 4 2 4 4 8 6 4 9 8 5 8 3 8 7 3 9 5 6 3 1 2 5 8 3 10 7 8 9 1 1 10 2 3 8 6 4 7 5 3 8 8 6
FloatingWeeds 5 7 10 1 9 3 9 8 2 7 9 8 6 5 2 1 9 10 10 10 4 10 10 8 1 6 1 4 8 3 1 1 2 7 2 7 10 7 2 7 7 5 9 8 9 7 2 9 3 4 6 5 5 6 7 5 2 9 2 1
TheYoungGirlsofRochefort 10 1 6 7 1 7 1 8 8 5 2 7 3 5 4 8 9 1 8 1 6 9 1 10 2 2 4 1 9 9 9 1 7 6 10 6 1 6 5 7 10 10 8 8 1 5 4 5 3 4 1 5 7 9 7 5 10 1 9 2
BadTiming 9 5 4 8 7 9 1 8 8 8 3 6 2 4 10 7 1 1 2 1 1 9 9 3 6 8 4 4 1 10 3 6 2 4 5 5 4 1 5 7 5 5 6 3 2 4 8 3 8 7 7 3 8 2 9 9 7 7 9 6
AntoniodasMortes 5 5 6 5 3 1 10 8 1 5 3 6 2 5 10 10 6 9 3 2 7 3 4 7 4 4 5 9 9 3 6 2 6 10 8 1 6 10 10 10 3 2 9 4 10 9 9 5 8 4 3 5 6 9 1 4 1 8 5 7
Mouchette 6 8 10 3 3 6 8 2 2 7 5 10 5 4 4 8 1 10 7 6 5 9 9 9 7 10 10 10 9 1 9 4 6 8 3 2 10 9 5 4 1 9 9 2 6 3 5 7 1 1 5 10 6 1 9 1 6 6 5 8
Oldboy 1 7 10 5 8 6 6 6 4 8 5 6 9 2 2 10 7 5 8 1 10 6 9 6 5 9 5 5 2 10 10 8 3 8 7 5 3 2 8 9 2 9 3 10 4 5 3 8 5 10 10 10 7 7 3 10 9 8 1 4
ThroneofBlood 8 5 8 1 7 5 3 3 3 3 8 3 8 6 6 1 9 8 5 9 5 10 8 4 5 10 2 3 7 6 4 1 2 2 6 2 5 5 1 9 4 9 9 5 7 10 8 8 5 6 1 7 2 1 1 8 1 2 2 3
AlexanderNevsky 5 4 3 1 9 1 4 7 5 1 8 3 4 9 8 2 7 6 3 3 10 6 1 4 6 4 1 6 7 4 9 2 5 3 6 9 7 1 8 10 2 3 9 9 9 1 1 9 8 6 9 8 9 2 5 10 2 2 4 5
TheLastPictureShow 8 9 8 6 2 7 7 5 9 10 3 2 8 5 3 1 2 2 8 10 9 3 3 7 3 2 6 4 7 4 10 8 5 3 1 2 1 3 8 6 4 2 2 5 9 5 8 9 10 10 4 10 9 9 4 2 9 9 2 1
NightoftheLivingDead 1 8 5 7 3 2 5 4 3 7 2 9 1 1 2 2 10 4 3 6 7 8 7 2 1 9 9 1 1 8 7 6 9 8 7 2 6 2 5 5 4 9 10 9 7 7 8 2 1 6 2 1 1 10 3 8 9 5 2 3
ToBeorNottoBe 3 1 2 6 7 9 5 3 4 4 8 4 1 3 3 10 7 7 9 3 5 7 1 1 10 1 5 2 9 8 10 6 8 3 2 8 1 10 4 8 3 5 5 8 8 2 8 2 8 2 7 6 6 9 7 1 3 4 2 4
GreatExpectations 6 2 9 7 4 7 1 6 10 3 9 3 1 8 9 9 3 1 3 1 7 3 10 6 10 7 5 6 8 2 9 1 3 8 6 6 1 8 5 10 3 8 2 4 4 3 8 7 7 2 9 1 1 7 8 4 4 2 8 5
AfterLife 1 1 1 8 5 3 8 4 10 3 8 9 4 7 4 1 10 5 6 3 10 8 6 8 8 6 6 4 7 7 9 7 3 2 1 7 9 5 7 6 10 5 1 2 3 6 2 1 6 3 8 4 8 6 1 5 2 8 5 6
StandbyMe 3 8 4 1 10 3 5 9 8 8 6 9 1 5 6 2 7 8 2 5 9 10 3 10 2 8 4 7 3 7 6 7 1 8 2 2 1 2 3 1 5 4 5 4 5 2 3 1 4 4 4 3 8 8 5 5 4 10 3 1
Stromboli 5 4 1 10 6 5 9 7 1 8 8 9 5 1 9 10 5 10 8 4 3 6 5 5 8 5 6 8 5 6 6 10 2 1 10 7 7 9 1 2 4 10 6 3 1 10 8 9 3 10 1 6 10 7 4 5 3 8 3 1
RearWindow 10 9 4 3 3 2 10 1 9 7 10 3 2 10 1 5 5 7 9 10 4 8 5 7 8 1 3 2 9 4 2 8 8 5 5 5 5 7 3 10 7 9 10 7 9 1 9 2 7 1 5 6 4 4 6 2 4 6 10 1
IntheMoodforLove 10 3 10 7 6 5 3 10 10 7 5 1 2 5 5 2 9 10 10 7 3 6 10 9 10 4 3 2 4 3 10 8 2 8 8 1 6 10 3 4 8 2 8 9 7 8 1 1 9 5 2 1 7 10 8 10 3 6 1 9
RaidersoftheLostArk 9 5 8 5 8 9 3 10 1 10 3 10 9 9 2 8 9 10 8 7 7 5 10 1 1 4 6 10 9 6 6 4 5 1 7 1 1 10 7 1 1 1 9 2 4 10 7 9 8 4 5 1 10 7 8 7 4 3 5 3
ChimesatMidnight 4 3 6 3 9 2 8 7 7 1 10 7 6 2 6 6 9 4 4 8 1 4 9 7 8 9 10 5 9 8 5 3 5 4 6 8 10 4 3 5 5 10 6 9 8 6 2 3 8 3 6 8 7 10 6 2 9 9 1 1
Halloween 4 9 4 7 1 9 5 4 4 8 1 9 1 5 9 1 4 1 5 6 2 9 4 9 7 5 7 10 8 2 4 1 9 3 4 7 1 5 1 5 3 1 3 3 7 10 8 7 5 10 5 1 1 4 8 2 5 5 4 9
DayofWrath 5 4 4 5 8 10 8 6 1 9 3 5 7 7 5 5 7 7 4 9 2 7 6 6 6 2 10 2 7 10 1 3 5 5 9 6 5 4 1 8 9 4 9 4 8 6 9 1 1 8 10 3 6 9 7 2 3 6 3 5
PointBlank 3 4 5 4 4 1 7 8 5 2 2 4 7 9 6 7 9 7 7 2 3 2 9 10 6 9 2 9 1 6 5 7 3 9 7 9 5 10 5 9 5 2 8 10 7 8 4 10 3 5 9 1 8 10 4 4 9 9 8 4
TriumphoftheWill 9 5 8 10 1 5 1 5 2 2 9 2 4 1 9 7 6 4 10 3 7 4 5 3 4 6 1 8 10 2 7 6 4 9 4 5 4 7 3 5 2 7 2 10 3 2 4 1 1 7 10 6 8 3 8 8 10 9 10 8
BeingThere 10 4 3 1 5 5 4 3 3 3 8 7 8 9 7 5 5 6 5 1 10 5 1 10 10 7 3 6 3 2 4 6 6 8 3 2 8 4 8 4 7 5 8 8 8 2 7 3 2 2 2 10 1 2 4 2 10 4 10 8
TheThinRedLine 7 7 6 5 10 10 5 6 9 2 8 8 3 9 9 4 1 8 6 2 7 3 8 5 9 10 8 2 3 4 7 4 4 4 4 7 3 2 2 8 4 2 9 3 10 10 7 6 2 8 10 9 5 8 5 2 9 5 9 9
MillionDollarBaby 8 7 10 5 4 10 6 6 9 2 4 8 5 6 6 7 7 7 3 2 9 2 5 10 1 5 6 5 7 8 7 8 1 6 7 9 7 6 7 9 8 7 1 1 6 3 6 10 4 10 8 2 7 3 1 9 4 5 9 2
Solaris 9 1 4 3 2 10 10 3 1 8 4 2 4 2 9 9 5 9 3 8 3 3 5 4 8 4 4 8 5 8 8 5 5 6 5 1 4 5 3 2 9 10 7 9 10 2 6 9 8 8 5 9 7 10 1 10 7 10 1 8
FullMetalJacket 8 10 9 1 8 8 9 2 3 5 5 3 9 5 10 8 3 8 9 10 7 1 6 8 7 6 8 3 9 10 3 4 1 5 9 1 10 5 8 8 10 8 4 5 6 4 5 8 5 6 10 6 8 2 8 6 8 6 2 8
LessonsofDarkness 7 4 8 6 8 5 1 4 1 8 6 1 8 2 5 9 9 2 1 8 2 2 9 9 10 1 6 5 9 7 5 3 4 8 9 8 4 8 2 1 9 7 7 6 5 4 4 2 5 3 1 4 5 9 2 7 4 6 9 6
TheTinDrum 1 10 7 4 5 2 2 8 1 6 4 7 9 9 7 3 6 1 9 5 4 5 6 3 4 3 2 1 9 9 8 1 4 5 5 7 10 5 10 8 5 6 3 8 9 8 4 8 5 4 4 7 5 10 7 10 10 2 6 7
LoveStreams 2 2 3 3 5 10 8 6 2 1 3 10 2 6 2 4 5 9 10 9 9 10 5 9 2 8 4 9 2 8 5 9 3 4 4 3 2 9 1 6 8 10 7 8 4 9 2 9 1 6 4 6 6 10 10 4 10 10 6 1
TheAgeofInnocence 4 9 5 1 8 7 8 4 9 6 2 5 4 5 5 10 10 5 9 4 8 1 5 7 5 4 4 3 10 3 7 2 9 7 4 9 8 10 3 6 6 7 3 8 4 3 3 4 1 4 9 7 2 6 10 8 10 5 8 1
StrangerThanParadise 3 9 2 1 9 2 2 1 5 9 10 10 3 10 5 8 6 9 4 6 2 3 3 6 2 1 1 8 4 10 8 9 3 5 5 3 7 5 8 8 5 4 8 4 4 7 4 9 6 10 1 8 2 4 9 1 10 4 7 5
Limite 2 3 6 6 2 4 5 4 6 7 10 7 4 9 2 8 8 6 5 5 9 10 1 6 8 4 3 5 6 4 4 3 3 10 3 4 6 1 2 2 7 6 4 8 7 7 2 8 6 5 5 7 1 9 1 2 4 2 7 8
Laura 8 3 2 3 3 10 6 4 5 6 8 7 5 5 5 7 2 8 9 4 1 1 9 4 4 6 2 4 1 9 6 2 2 1 1 5 9 8 4 7 1 8 1 3 4 7 7 9 7 8 7 7 7 6 9 7 6 1 8 8
Manhattan 4 2 5 6 6 1 5 7 8 10 7 3 4 9 2 5 3 9 2 8 10 5 4 9 2 8 5 7 4 5 1 9 1 1 10 10 9 2 1 6 7 7 2 8 2 2 3 3 1 5 5 8 5 6 1 5 7 5 8 9
InaLonelyPlace 2 10 3 4 7 6 9 1 5 2 10 2 5 3 8 6 3 6 6 10 10 9 7 8 1 2 4 1 3 5 7 7 2 3 2 3 10 8 1 5 4 6 8 8 7 2 7 5 3 2 10 10 9 10 9 9 4 10 10 9
Ikiru 5 5 9 4 2 1 10 2 6 10 8 7 4 2 2 4 1 1 6 9 8 1 5 6 4 6 4 9 5 8 5 3 1 3 2 6 4 8 2 6 6 10 4 10 4 2 4 5 6 10 9 7 3 5 9 3 8 2 1 1
TheExterminatingAngel 5 8 1 6 2 7 8 9 2 4 9 3 3 3 8 5 8 8 4 2 7 8 9 8 9 2 5 2 2 7 7 6 1 9 7 9 10 5 8 9 7 10 5 5 4 9 10 9 5 4 7 2 3 10 9 7 5 6 5 7
TheHeadlessWoman 6 1 2 1 5 9 4 9 2 2 8 1 1 10 6 7 1 6 4 4 1 9 8 2 8 9 10 7 6 7 2 3 2 4 10 4 10 7 3 9 1 2 10 10 5 8 3 6 2 8 5 9 9 8 4 10 1 2 5 7
CairoStation 4 2 4 1 2 7 8 6 6 5 2 7 9 6 5 5 7 10 10 6 10 4 8 1 10 6 3 4 7 3 7 6 6 5 6 8 2 8 6 2 5 3 1 6 2 9 2 5 2 1 2 5 10 8 9 7 4 5 10 9
AmericanBeauty 5 5 8 4 8 8 1 10 10 2 6 1 4 1 9 1 4 2 2 8 10 2 8 1 8 9 2 5 1 7 2 7 9 4 3 5 7 8 2 10 9 7 9 8 4 4 5 2 1 9 6 7 10 3 1 8 4 3 2 5
TheLifeofOharu 1 3 4 4 1 5 5 2 7 4 9 6 10 1 2 5 8 3 8 5 1 7 8 7 8 8 2 2 9 9 6 9 2 3 8 2 10 2 8 6 8 1 3 10 6 1 5 9 2 5 2 10 5 8 4 5 7 4 4 8
OnceUponaTimeinAmerica 4 5 10 4 9 8 9 2 4 7 6 2 10 8 3 2 8 8 10 4 9 10 6 2 5 8 4 7 1 10 4 9 8 3 2 6 8 6 5 2 3 1 8 9 1 1 4 9 6 7 9 5 8 2 4 2 5 6 7 10
TheRisetoPowerofLouisXIV 7 5 3 5 4 1 1 2 7 6 4 9 10 8 9 2 1 10 1 1 6 4 9 1 10 5 6 5 9 2 8 7 2 10 8 6 5 2 4 9 1 7 1 10 8 4 2 1 4 10 2 9 6 1 6 2 8 5 9 2
BattleshipPotemkin 3 7 1 8 9 2 5 6 3 6 6 8 7 4 9 10 10 4 8 8 8 10 5 1 1 4 3 7 3 6 8 10 4 1 1 10 2 3 3 3 5 10 9 8 4 8 3 3 5 3 2 3 2 3 3 3 6 2 9 6
DeathinVenice 4 10 2 2 8 10 8 5 1 7 1 4 9 5 7 10 3 8 3 7 9 6 7 3 10 4 10 10 7 8 9 2 2 4 7 2 9 4 3 8 10 2 2 9 8 8 2 2 10 9 3 8 10 4 6 2 5 8 8 2
ModernTimes 2 7 2 8 5 5 1 3 2 1 8 6 1 10 10 3 2 1 2 9 2 3 10 3 6 7 5 6 9 2 2 7 1 1 8 10 8 8 2 5 2 4 5 3 5 1 8 2 4 3 1 4 9 1 6 8 9 2 6 7
Faces 4 9 5 2 5 10 8 9 1 4 5 5 10 1 9 3 6 2 8 1 10 6 6 1 1 2 6 3 6 2 1 10 4 2 3 6 10 8 10 4 9 4 1 4 1 7 9 9 3 8 9 3 1 5 3 5 10 7 2 10
BeforeSunrise 6 2 4 7 8 8 2 3 8 10 6 10 4 4 7 5 5 9 8 1 8 2 6 8 2 10 3 6 10 2 6 8 10 8 4 3 9 5 3 6 1 1 8 1 3 1 10 6 7 5 7 10 4 3 1 6 5 8 3 3
ManofAran 7 3 6 3 4 1 7 3 7 9 1 9 10 5 7 9 1 3 9 4 4 2 9 6 3 1 8 8 3 9 2 1 8 5 4 8 4 6 5 7 2 7 3 3 4 1 6 8 7 6 1 2 5 7 4 1 8 5 8 5
Alphaville 3 5 10 2 6 1 1 5 2 7 8 7 7 4 1 10 1 8 1 9 2 7 5 4 10 3 1 3 9 4 9 2 2 2 6 4 1 8 8 7 7 5 5 8 1 2 5 10 3 10 10 2 8 2 4 3 7 7 10 4
InvasionoftheBodySnatchers 10 7 1 8 4 6 8 2 8 8 3 6 1 8 8 2 4 9 10 10 7 3 2 9 5 9 9 7 5 7 9 9 6 3 10 8 6 1 9 1 5 6 9 8 5 4 2 7 6 10 9 1 5 9 10 5 7 5 5 6
TheManWhoFelltoEarth 4 1 3 5 4 3 5 4 5 3 8 3 2 1 8 10 2 2 9 3 5 5 2 7 4 10 10 4 5 9 2 6 9 9 8 7 9 4 9 4 5 5 1 7 6 6 7 6 10 10 8 2 5 4 8 4 4 10 2 6
TheBadandtheBeautiful 2 9 10 6 1 2 6 9 9 5 5 2 6 9 8 1 8 5 2 5 4 2 1 1 6 9 6 10 6 4 10 2 10 5 9 8 8 2 7 6 3 10 10 8 6 3 10 7 10 3 5 3 2 9 3 5 5 9 4 4
Platform 9 2 2 4 4 8 1 6 8 3 3 10 1 8 2 2 9 8 10 5 3 4 2 6 6 8 5 4 6 7 3 8 9 1 9 8 2 9 9 2 10 3 7 5 5 10 3 2 3 7 8 2 5 6 3 6 10 8 4 3
October 4 8 7 10 8 6 7 8 5 2 2 1 9 9 6 3 3 3 9 3 4 10 4 4 7 10 6 6 6 2 6 3 8 4 3 3 3 8 8 3 5 3 8 3 5 3 2 3 1 4 1 1 4 7 9 5 5 8 6 4
Naked 2 9 3 5 3 1 8 6 2 3 7 2 6 8 5 4 5 8 6 9 1 1 3 6 7 3 10 6 8 7 1 8 9 3 1 9 2 3 6 5 6 3 3 6 10 4 5 2 6 3 10 6 10 3 5 7 5 2 7 7
BroadcastNews 3 1 9 8 4 3 7 9 8 6 2 1 3 4 6 9 8 8 3 3 8 4 9 4 3 10 10 3 1 8 10 4 9 6 1 8 4 9 2 4 9 5 4 10 9 9 1 1 8 4 5 9 5 1 5 3 7 5 5 8
AAngelatMyTablen 7 1 3 5 8 4 5 9 10 6 3 2 3 4 7 9 7 10 9 10 7 6 6 7 5 2 3 1 8 3 1 9 6 9 9 1 7 7 2 9 10 2 2 10 4 1 10 6 7 4 9 1 5 1 2 10 3 4 6 3
OntheTown 2 3 5 1 10 3 10 3 2 2 10 4 6 3 3 6 2 4 5 9 10 2 8 6 9 9 3 3 3 3 2 1 8 6 8 10 4 2 6 8 8 4 7 7 2 7 2 7 6 8 7 3 6 6 6 7 4 7 8 3
TheSpiritoftheBeehive 10 3 8 9 8 6 10 5 7 9 8 3 10 8 1 10 1 3 3 1 4 10 5 2 7 8 5 4 2 7 4 1 3 7 4 1 7 6 5 2 1 5 10 7 8 3 9 4 1 9 8 7 5 2 8 4 1 3 10 7
LandWithoutBread 2 5 3 7 3 10 6 8 2 4 5 5 10 3 3 2 3 1 2 4 6 3 5 5 2 6 5 2 1 4 5 7 3 6 10 2 9 7 7 10 10 9 2 5 5 4 10 4 10 6 8 7 9 9 2 1 7 9 6 7
Teorema 6 4 8 3 10 5 3 4 1 10 5 4 5 9 7 2 1 10 6 4 10 2 7 1 8 5 7 3 9 6 3 3 3 10 9 9 7 4 7 9 10 10 5 2 5 8 10 4 1 8 6 7 8 3 9 5 1 10 8 7
Orlando 5 3 10 7 10 5 8 10 8 3 4 10 6 2 5 7 6 9 2 7 3 3 7 5 2 2 9 6 2 6 7 1 9 8 9 5 3 3 3 4 2 4 7 5 6 8 5 10 9 6 6 10 5 1 3 9 3 3 7 10
HighNoon 9 4 6 1 1 5 8 10 2 6 10 6 3 10 6 1 6 3 8 1 5 1 9 9 2 6 1 8 8 5 7 5 10 7 6 4 1 3 8 5 2 5 9 2 6 10 9 7 9 5 8 10 3 8 9 2 7 4 2 4
MammaRoma 4 4 8 9 10 10 3 5 10 6 6 4 5 10 5 8 1 3 6 5 5 3 2 10 4 3 6 6 2 5 1 1 8 9 4 1 1 8 9 10 5 5 6 5 9 1 10 9 7 4 10 6 5 3 4 5 7 5 1 9
CloseEncountersoftheThirdKind 10 10 1 7 8 10 10 6 9 3 6 8 1 4 9 3 2 4 3 6 9 3 1 10 2 5 6 1 5 5 10 2 7 1 6 3 1 3 6 1 10 7 7 10 5 3 6 8 2 5 6 10 2 6 1 6 2 6 8 10
Eraserhead 2 10 4 7 9 6 10 2 8 2 5 9 7 4 10 4 4 1 5 9 3 6 9 10 5 8 5 7 5 1 7 5 8 5 3 10 10 9 2 9 10 6 8 7 6 2 6 7 9 10 1 10 10 8 6 7 3 9 6 6
RaisingArizona 5 8 5 5 4 3 4 9 8 8 6 5 7 3 9 1 5 10 5 9 9 10 5 3 10 9 5 5 10 8 7 5 4 4 6 8 4 6 4 10 8 5 8 1 6 5 4 2 4 2 7 5 4 1 8 5 1 6 10 2
Persona 10 1 6 1 10 10 2 8 8 10 6 10 7 5 4 5 8 6 1 3 7 7 8 10 8 6 1 10 8 5 10 4 7 1 1 1 3 9 2 8 8 9 4 6 1 10 6 4 3 8 10 5 7 4 4 8 1 9 6 9
Nouvellevague 3 9 9 3 7 2 6 10 3 10 5 6 10 8 8 4 6 2 7 9 10 3 4 8 8 7 10 9 9 5 10 4 5 9 7 1 6 2 2 6 7 10 10 8 10 10 6 4 10 8 6 10 9 3 10 2 10 6 10 9
ACityofSadness 2 3 10 8 5 7 9 3 4 10 8 3 6 2 9 6 9 1 7 5 10 10 5 10 10 10 3 3 4 10 9 7 10 4 2 4 6 6 2 5 5 10 10 2 8 6 6 4 2 10 9 4 10 8 10 1 2 3 1 10
APlaceintheSun 3 9 6 10 8 4 1 7 2 3 10 9 10 8 1 10 1 10 7 9 5 9 2 7 4 7 2 6 5 4 1 9 2 2 2 2 2 7 10 3 9 3 4 2 2 3 1 1 5 2 3 5 9 9 5 9 10 5 7 4
SaturdayNightandSundayMorning 2 9 1 4 8 9 1 3 8 5 2 2 3 3 10 4 1 7 9 2 1 7 1 3 10 7 4 6 4 3 8 10 1 4 9 10 5 3 5 7 1 1 6 2 4 10 8 8 10 7 8 9 5 7 5 10 10 8 6 8
DoctorZhivago 6 9 4 2 6 1 2 2 9 8 3 4 8 2 3 7 10 4 5 7 9 9 4 4 1 6 2 9 4 8 6 8 1 2 9 8 4 7 5 3 4 6 5 3 6 8 8 3 7 5 6 8 6 1 3 5 9 9 4 2
The400Blows 2 5 2 6 3 10 9 7 5 2 7 7 7 10 6 10 10 8 7 7 6 5 7 9 9 6 2 10 10 7 2 4 2 6 5 7 4 3 5 4 5 4 4 10 5 6 8 3 7 6 5 1 1 10 3 7 7 10 3 3
TheNavigator 2 6 3 10 2 5 6 1 1 10 3 5 6 4 8 3 5 5 7 6 7 9 1 5 2 3 1 8 10 9 5 10 3 8 8 7 9 9 4 6 10 5 7 2 2 9 5 10 9 6 6 8 6 1 3 8 3 5 1 1
TheCrowd 2 10 2 7 10 2 8 3 3 8 5 2 9 6 8 9 1 5 5 7 2 3 8 6 9 6 2 7 9 4 1 10 9 2 10 2 4 8 9 4 7 9 5 2 4 10 7 2 8 2 4 9 3 4 1 1 10 3 2 8
TwinPeaks_FireWalkwithMe 10 9 10 2 4 10 8 3 4 5 7 1 4 1 7 2 5 1 2 4 4 9 2 1 3 9 5 7 4 4 6 7 7 2 2 1 5 2 9 10 7 3 9 5 1 7 6 8 3 3 8 5 6 4 5 9 7 6 8 3
WhiteHeat 2 7 5 1 2 1 6 1 7 3 1 9 5 10 7 8 9 6 9 3 5 3 6 7 4 7 5 5 7 5 7 3 9 10 8 4 2 4 8 5 4 2 9 5 3 6 10 3 1 6 9 10 2 1 8 8 10 9 8 9
HouroftheWolf 10 9 9 7 1 8 7 6 7 6 4 7 6 4 4 6 8 10 5 3 6 2 7 6 10 6 10 5 9 9 2 10 8 7 5 2 7 10 5 1 8 9 6 7 4 9 7 4 5 7 9 3 10 1 3 3 8 8 1 4
BouduSavedfromDrowning 1 1 10 8 8 7 4 4 9 6 2 8 4 8 7 8 9 7 7 4 2 3 8 2 3 9 3 9 4 9 8 8 5 7 8 2 2 2 7 8 9 3 10 1 8 8 3 9 4 8 7 4 7 8 7 9 5 8 10 9
HenryV 6 1 4 1 6 10 5 5 9 6 6 6 7 3 1 6 6 10 6 7 3 6 10 1 8 5 8 9 10 4 4 4 7 10 9 2 4 6 3 7 8 1 4 2 9 7 3 5 1 4 6 4 1 4 9 9 10 9 7 8
ForbiddenPlanet 6 5 4 1 8 10 2 1 3 6 1 2 6 6 6 6 8 4 4 5 1 8 5 4 6 4 3 1 9 9 2 10 3 2 6 4 8 9 5 1 4 6 5 9 9 10 4 1 8 4 1 2 1 10 9 7 10 10 1 2
Metropolis 8 10 1 8 6 10 3 4 6 6 1 10 10 6 3 9 10 10 2 6 9 3 4 4 8 1 8 6 1 10 8 5 5 4 7 5 9 5 5 10 10 8 1 2 4 1 3 4 9 10 5 5 1 4 10 9 1 3 9 2
TheHouseisBlack 2 9 2 6 10 3 2 3 2 2 8 8 7 1 2 10 6 4 3 7 3 1 9 9 2 10 4 6 6 6 2 1 1 9 2 5 10 6 10 9 1 1 7 2 7 10 3 1 6 7 3 9 10 10 8 8 2 10 10 10
Frankenstein 6 9 4 6 6 5 7 4 2 10 8 2 3 6 10 3 4 4 10 6 4 5 6 7 9 5 4 1 4 2 3 7 9 9 10 4 9 10 4 8 9 4 2 7 9 1 3 2 4 5 4 5 6 9 4 9 9 5 1 10
DogStarMan 8 1 2 1 1 5 9 6 4 4 8 3 1 8 9 5 10 8 9 9 7 9 7 4 7 6 2 8 2 8 7 5 5 6 10 7 7 10 10 3 1 1 1 6 1 7 5 4 9 7 5 7 5 7 5 2 7 10 3 1
Aguaespejogranadino 1 2 5 4 1 8 7 9 3 8 4 7 10 1 10 4 2 10 3 9 2 2 5 2 6 10 6 10 3 6 10 3 7 8 6 8 8 2 8 10 6 5 9 1 6 4 9 8 8 2 4 2 8 8 5 5 8 2 10 3
Outskirts 9 9 8 1 3 4 6 7 7 9 9 1 6 8 1 7 6 9 4 5 4 10 10 6 3 2 10 4 2 6 6 8 8 8 8 6 1 2 1 5 5 2 8 9 3 3 3 10 1 1 3 4 7 10 8 9 10 5 1 8
Holiday 3 10 5 6 3 5 1 10 1 6 5 2 7 2 7 9 10 3 1 5 4 7 7 6 1 5 4 10 7 2 6 8 6 5 4 4 3 9 10 3 9 8 7 8 4 8 9 6 3 10 7 5 5 4 5 10 4 2 6 1
TheEmpireStrikesBack 5 6 7 9 4 9 7 6 8 8 3 10 5 8 3 1 4 9 4 5 8 9 9 8 3 9 5 3 7 7 2 10 9 3 2 4 4 5 2 3 9 3 2 1 2 3 5 7 1 6 9 4 4 1 7 10 4 9 5 7
TheMagnificentAmbersons 5 1 2 6 3 6 4 7 9 5 1 9 5 7 2 8 3 3 9 3 10 2 8 2 10 7 3 3 8 3 2 6 3 8 8 5 6 4 7 10 10 3 4 8 7 2 3 6 8 2 1 7 5 3 2 7 5 3 1 3
ArmyofShadows 6 9 7 8 3 7 10 10 6 9 1 1 5 9 1 8 7 8 3 5 7 4 4 5 3 9 9 2 10 7 2 6 9 6 8 8 7 1 7 1 3 1 1 1 6 1 6 1 5 5 9 1 1 8 4 10 8 6 4 9
BrideofFrankenstein 2 4 6 9 10 2 7 1 10 2 2 4 2 10 6 9 5 1 10 6 2 5 10 6 9 6 5 7 6 9 10 1 7 7 3 6 4 1 2 3 9 9 7 6 4 8 4 9 7 4 8 7 7 5 6 7 1 10 7 4
RidetheHighCountry 8 9 6 3 7 10 4 3 8 7 4 4 2 6 10 8 4 6 3 3 1 7 4 3 5 9 3 4 6 3 10 6 6 9 10 6 4 6 10 10 4 7 9 3 8 10 1 7 6 10 8 4 4 2 4 6 10 2 4 8
NewsfromHome 3 2 8 10 4 9 10 3 4 1 1 1 8 2 1 4 4 8 10 8 2 9 9 1 4 9 5 2 3 2 8 4 4 5 9 4 7 4 4 10 8 8 7 1 6 3 8 3 9 10 6 9 10 4 3 6 2 6 5 3
KissMeDeadly 7 7 3 7 10 5 7 4 1 1 7 8 10 1 8 4 1 6 1 7 9 9 1 9 3 6 1 7 3 2 5 4 5 7 3 3 7 10 1 7 5 2 10 1 1 7 4 6 1 1 1 2 6 10 3 3 8 3 1 4
TheManchurianCandidate 2 6 4 3 1 1 8 6 10 3 3 7 4 4 6 6 5 7 9 10 1 1 3 3 3 6 1 9 7 10 9 9 4 8 9 10 7 6 8 6 5 2 6 8 1 6 8 1 9 10 6 6 3 4 4 2 1 6 10 8
EntertheDragon 2 2 6 6 9 3 2 2 5 7 3 4 10 4 9 6 1 2 7 10 3 2 5 6 9 9 1 10 9 8 8 6 8 5 5 4 9 7 2 2 9 4 4 4 4 2 6 5 4 9 10 6 6 9 9 3 2 4 8 2
MaryPoppins 2 7 3 5 9 6 3 6 6 6 3 2 8 7 2 9 4 4 9 7 7 3 8 2 10 10 4 10 4 3 8 6 6 2 7 6 2 5 2 4 9 2 8 1 8 4 10 4 1 10 4 3 8 7 10 1 2 5 3 10
DaysofBeingWild 2 8 3 6 7 1 1 9 5 4 4 4 5 3 1 1 2 4 6 7 3 4 3 6 1 8 8 10 9 4 6 10 2 8 4 7 2 8 6 9 2 7 3 10 4 7 8 9 4 6 1 7 3 7 7 7 9 1 2 8
TheyLivebyNight 3 7 4 3 6 9 6 3 4 10 3 4 4 10 3 8 10 1 1 2 7 1 8 4 10 8 3 2 9 2 10 2 5 1 10 1 3 7 7 9 6 9 3 8 3 5 7 7 2 7 1 1 7 3 7 4 1 5 5 5
Carrie 2 1 10 4 3 8 6 8 5 1 1 10 1 10 2 6 4 7 4 9 8 6 3 10 10 1 3 9 9 1 3 6 10 9 6 1 5 6 7 3 8 2 5 1 3 9 5 7 3 6 9 1 5 8 1 3 4 8 3 5
LovesofaBlonde 1 8 7 3 3 8 10 1 6 8 10 8 6 5 5 3 9 3 7 3 7 3 4 6 8 8 10 3 4 5 7 5 3 10 7 10 6 7 8 7 3 4 10 3 7 10 1 9 2 3 1 4 2 9 5 5 7 4 7 9
Daisies 7 6 2 1 5 8 10 2 1 2 8 4 7 1 3 2 1 6 5 7 9 8 3 10 10 5 4 6 2 8 3 8 10 1 1 7 9 8 4 8 8 10 2 4 1 8 1 4 6 2 7 6 9 10 7 7 7 2 5 8
FortApache 10 4 4 10 6 5 3 3 10 1 2 9 4 9 1 1 4 7 1 8 1 8 5 5 1 4 5 2 2 7 7 7 4 1 10 4 3 8 2 10 1 8 6 9 3 9 1 9 8 1 5 1 4 7 10 4 3 6 7 9
ToukiBouki 9 6 2 3 7 7 1 5 10 2 9 4 8 4 5 4 2 3 4 3 3 6 9 4 10 9 4 1 3 7 9 7 3 1 9 9 10 9 7 10 1 1 10 9 3 1 2 3 4 7 1 9 10 1 7 2 10 2 9 6
BlueVelvet 1 7 6 1 10 4 6 8 7 3 6 9 5 6 5 5 4 9 9 6 2 2 9 3 1 3 4 8 10 8 6 4 5 4 4 10 9 1 10 3 10 9 10 7 6 8 10 9 4 2 1 4 5 8 7 10 1 10 9 1
TheTrial 4 2 9 6 4 6 1 4 5 3 7 9 2 1 5 5 5 4 1 6 4 9 6 4 3 10 8 6 8 6 5 5 10 10 9 8 5 3 7 9 10 7 2 1 2 5 8 10 10 6 8 9 4 7 5 1 7 2 5 6
Spione 6 9 10 1 10 4 7 8 2 7 5 3 2 6 4 2 4 5 5 4 4 5 7 5 3 7 4 7 4 3 6 9 10 2 5 7 10 3 5 9 9 2 2 7 7 1 1 10 4 3 9 4 6 1 2 6 3 10 9 10
TheManwithaMovieCamera 9 1 9 10 2 2 10 1 10 3 7 6 10 9 1 4 9 9 10 3 9 3 6 1 9 6 10 10 4 7 7 5 1 10 7 9 1 10 6 6 8 9 1 7 9 3 2 7 8 3 9 3 8 6 10 1 4 6 8 9
ColossalYouth 2 7 6 2 8 9 1 1 3 6 1 1 8 6 7 3 4 2 10 6 4 5 9 1 3 6 7 8 5 10 10 1 3 2 7 9 9 9 2 2 7 2 2 3 4 7 7 4 6 6 7 3 6 7 8 1 9 7 10 3
CelineandJulieGoBoating 6 1 5 2 8 7 10 2 1 8 8 7 8 6 3 1 6 3 8 1 7 7 6 10 8 5 4 5 6 4 2 10 7 4 2 4 5 10 7 5 8 7 7 5 7 3 10 5 7 7 10 10 6 1 4 5 2 9 1 8
LandscapeintheMist 7 5 9 3 7 9 7 6 10 1 1 7 1 9 6 5 1 3 7 4 4 8 3 5 6 5 9 6 9 6 9 9 3 9 2 2 3 6 5 6 3 6 7 1 4 1 9 4 1 9 1 9 9 7 6 10 7 9 7 6
TheEnigmaofKasparHauser 7 4 5 6 6 6 9 6 4 7 4 9 8 1 7 1 5 1 1 4 3 4 4 3 2 5 10 6 7 5 8 6 1 10 10 9 2 1 3 8 9 8 5 3 7 9 9 9 3 8 5 6 7 7 3 8 9 5 4 10
WrittenontheWind 7 6 8 6 4 5 3 5 1 6 1 8 6 2 8 1 5 5 4 2 4 9 2 5 4 2 3 4 6 1 9 8 6 3 6 4 2 10 3 8 3 7 5 8 7 6 7 9 2 7 4 3 2 10 7 8 2 8 1 7
Amoresperros 9 5 4 1 1 6 4 5 9 9 2 4 10 4 8 4 5 10 9 4 8 6 5 4 5 8 9 5 4 8 1 6 2 10 2 4 2 4 6 3 6 9 8 4 3 6 7 8 1 8 5 5 8 9 2 5 10 5 7 4
Pierrotlefou 3 8 7 8 9 2 3 2 3 9 10 9 3 10 10 5 5 8 7 2 7 7 3 1 7 5 7 3 5 5 8 7 1 2 2 2 1 3 2 8 10 7 10 10 3 7 10 7 7 5 9 10 6 10 7 6 6 2 4 8
TheBigLebowski 4 5 3 2 9 9 9 2 5 2 8 3 10 10 10 6 3 3 1 1 4 2 10 9 7 4 10 4 8 7 9 8 6 7 2 7 9 4 4 8 10 10 1 7 3 2 9 4 3 2 3 10 6 10 6 6 3 7 8 7
ThreeColours_Red 3 7 3 4 8 7 5 3 9 8 6 8 1 5 8 10 9 3 9 3 9 9 3 8 3 6 1 6 5 7 9 5 3 8 2 9 5 6 3 3 9 4 8 5 8 8 2 4 6 4 7 5 4 8 6 8 2 7 4 2
AuhasardBalthazar 6 7 10 2 7 9 1 1 4 1 2 4 7 1 5 4 5 5 4 2 4 5 2 6 7 9 3 10 8 8 1 8 10 1 9 9 5 1 6 7 6 9 10 4 4 6 4 5 10 10 2 8 9 9 10 4 6 8 2 9
BringingUpBaby 4 8 7 3 3 3 1 3 5 3 8 7 3 5 3 6 10 1 7 7 8 7 3 9 7 9 10 3 4 5 4 10 3 8 4 2 4 7 9 10 5 9 3 5 6 4 6 1 7 9 5 6 8 4 3 3 7 5 2 7
Fantasia 9 4 3 10 5 7 9 7 3 9 1 6 9 6 6 8 7 4 2 2 7 10 7 2 1 8 6 7 8 4 2 4 8 3 9 5 10 8 9 2 6 8 9 1 9 8 7 8 6 5 5 9 3 2 4 3 2 5 6 1
TheLastLaugh 3 5 9 10 8 9 1 9 1 4 1 7 7 9 7 8 3 1 8 7 8 8 6 6 4 8 4 1 1 9 7 9 4 1 10 1 6 7 3 4 7 2 6 1 5 1 9 10 5 4 6 3 3 7 8 9 5 2 10 8
TheBluesBrothers 10 4 10 5 1 7 8 2 1 2 8 1 5 6 10 8 6 9 6 10 9 8 10 8 4 7 8 5 7 10 1 8 5 7 4 7 7 4 1 2 2 8 5 5 5 8 3 8 8 2 5 10 4 10 1 5 7 4 4 2
3Women 9 3 4 3 1 8 7 4 8 6 3 8 9 7 7 10 4 3 7 2 8 3 3 7 10 1 2 4 4 5 4 5 6 2 1 5 5 1 6 10 10 3 1 7 1 5 5 4 6 2 7 2 4 8 3 5 3 8 9 1
SavingPrivateRyan 9 6 4 1 4 5 10 4 4 4 7 6 3 9 5 9 2 1 5 10 10 6 8 7 5 8 1 7 4 2 7 6 9 3 6 9 1 5 5 10 3 2 1 4 1 9 1 9 8 10 2 8 7 7 5 3 10 3 4 8
DeadRingers 8 3 5 2 5 10 6 5 4 9 7 8 9 8 8 5 2 10 3 9 10 6 5 7 4 2 10 6 8 3 6 10 4 1 9 4 1 10 7 9 4 5 2 7 3 9 2 9 4 3 10 2 10 3 7 10 10 9 5 2
MildredPierce 5 7 3 10 1 4 3 6 7 8 1 2 9 5 3 10 1 3 5 6 6 9 4 5 7 4 2 5 5 9 10 3 3 10 1 8 4 5 6 8 1 6 10 1 8 5 2 9 9 2 7 5 2 5 1 6 8 10 7 9
Pyaasa 6 3 9 9 1 8 6 1 9 7 7 9 7 6 7 10 8 3 10 4 1 5 6 1 10 3 3 9 1 2 4 4 6 6 7 9 3 7 9 1 2 2 10 5 10 2 8 8 3 8 1 1 9 8 5 7 6 5 10 5
TheyLive 8 1 4 5 2 2 6 10 8 3 7 1 2 10 9 7 2 7 10 3 5 2 3 4 3 2 7 5 4 4 10 8 7 1 3 4 1 5 5 4 1 4 10 7 6 4 3 6 10 10 2 1 9 2 10 10 3 5 7 8
Xala 1 10 1 6 10 8 8 5 6 1 1 8 9 7 4 9 5 4 2 9 7 8 5 9 7 1 5 10 10 4 2 10 8 1 1 4 5 9 2 3 10 2 7 2 1 5 6 5 7 7 9 10 3 6 10 8 3 10 4 1
MontyPythonandtheHolyGrail 3 1 6 6 4 6 2 5 9 9 9 5 4 4 2 4 6 8 2 5 9 7 7 1 10 9 2 5 10 7 3 9 3 2 7 9 10 1 2 4 8 3 9 2 5 10 10 3 10 4 7 6 10 7 5 4 2 7 6 1
HolyMotors 2 8 3 4 9 5 5 10 10 7 1 10 2 2 5 1 3 7 7 4 5 4 10 2 4 2 10 2 2 7 5 10 2 7 9 7 9 6 9 5 2 9 10 5 5 1 4 9 2 8 7 6 10 3 9 6 10 2 1 4
Passion 7 2 3 10 10 10 6 8 7 6 10 5 9 1 2 10 9 7 5 3 6 3 7 10 1 2 10 3 8 5 8 4 4 8 8 6 10 9 10 1 9 9 10 2 6 3 7 4 6 10 4 5 4 5 8 5 8 3 3 6
ToKillaMockingbird 1 8 5 9 8 3 8 8 3 10 7 10 3 6 8 9 1 1 2 7 2 6 3 5 8 9 1 7 8 5 9 2 9 3 6 10 7 7 7 5 9 5 9 2 3 10 1 5 9 9 3 3 5 2 1 3 6 2 8 8
TheFrenchConnection 2 2 4 10 1 3 5 1 7 10 1 1 5 5 1 10 8 6 7 7 6 10 3 10 9 3 6 8 9 3 9 6 4 3 6 9 1 6 5 10 10 4 5 1 6 9 10 8 3 7 10 10 8 7 5 3 9 8 10 8
PatherPanchali 6 5 1 2 10 4 3 1 9 6 4 2 5 8 10 10 2 9 7 5 6 2 4 9 7 4 10 7 6 5 3 9 2 4 9 8 9 10 4 3 3 7 8 4 7 9 7 4 3 6 5 6 1 7 3 7 2 6 4 8
Titanic 2 6 7 5 5 2 10 8 1 10 2 3 1 2 3 7 5 9 4 6 7 6 9 9 7 8 6 10 2 4 8 6 6 4 10 6 6 10 1 10 10 7 9 4 9 3 4 10 8 10 10 5 4 7 1 8 2 10 8 8
Shoah 8 1 9 4 10 2 3 9 2 9 6 3 5 2 9 5 6 5 3 3 8 1 4 1 2 6 7 2 10 10 4 4 6 6 7 4 6 10 4 2 1 3 8 2 8 2 8 3 2 5 9 3 9 1 3 8 8 5 4 1
DuckSoup 6 4 1 6 3 10 4 10 3 3 3 7 6 5 9 7 1 5 10 3 4 8 3 10 3 9 2 6 9 3 9 9 8 1 4 10 9 5 10 5 9 5 2 6 5 10 5 10 10 5 5 10 4 8 3 3 5 9 3 3
SongsfromtheSecondFloor 7 8 1 9 4 5 8 6 7 2 2 6 4 5 3 9 3 7 1 2 8 10 4 3 1 2 1 3 2 6 9 6 1 9 7 10 4 9 6 4 10 7 8 10 7 9 2 5 6 2 5 3 2 9 7 3 5 9 1 1
TheLivesofOthers 2 10 2 9 10 5 1 9 8 6 8 6 5 5 7 4 8 3 4 1 4 6 7 7 2 4 6 7 4 8 1 2 8 10 10 9 7 8 9 9 4 2 10 4 6 6 9 7 10 5 10 5 7 4 7 3 4 9 9 4
MyDarlingClementine 9 4 6 7 1 9 2 3 6 3 2 5 10 4 1 4 1 10 8 2 4 4 6 6 8 5 3 3 6 7 10 9 3 10 5 8 2 7 5 2 4 4 6 4 2 2 9 8 2 7 7 1 4 6 7 3 8 3 9 1
TheTexasChainsawMassacre 2 1 5 7 4 3 6 1 8 4 5 2 5 8 6 5 7 9 7 5 8 6 1 2 6 1 2 9 5 10 4 6 10 1 6 1 3 6 5 5 6 7 10 10 1 10 8 1 5 5 6 2 1 1 5 2 3 1 2 2
AndreiRublev 5 7 3 3 7 4 4 5 3 7 3 9 6 9 9 2 4 6 4 4 1 8 8 4 10 4 1 9 10 8 3 9 10 4 1 3 4 7 1 1 7 7 4 4 7 9 4 6 2 8 2 6 10 10 4 8 1 1 8 5
DeepEnd 7 7 4 10 3 6 4 8 9 5 1 6 8 9 4 8 10 4 8 8 7 6 1 9 10 8 9 4 10 7 8 5 6 8 5 7 6 7 6 4 9 1 8 4 7 4 4 6 2 8 7 10 7 6 7 8 3 2 3 10
Faust 6 1 4 9 1 6 1 1 1 2 3 4 10 8 7 10 7 9 4 6 5 4 10 8 2 3 5 4 5 8 3 5 3 1 8 8 4 9 3 3 7 3 2 5 6 1 5 7 6 5 6 6 1 9 6 2 5 2 3 1
DownbyLaw 6 9 5 8 5 9 10 9 9 6 7 7 2 5 10 5 2 1 3 6 6 8 1 1 4 8 7 3 6 10 10 6 7 4 1 4 2 6 8 2 1 7 8 4 5 7 4 8 9 9 9 6 1 7 9 3 6 5 9 6
MyOwnPrivateIdaho 1 7 10 8 3 1 2 3 9 2 5 10 6 1 6 7 7 6 2 7 4 9 9 9 5 3 10 10 7 8 8 4 1 7 2 10 5 5 1 8 10 6 6 1 6 3 1 8 9 1 8 4 8 5 5 7 1 7 2 8
Dogville 9 4 8 8 9 7 9 2 7 10 7 4 4 2 1 8 1 5 10 5 3 6 4 8 2 5 4 8 10 7 7 10 8 6 1 5 10 7 3 7 7 10 1 4 1 1 8 4 3 8 10 10 9 1 7 3 6 4 2 5
TheKingofComedy 5 4 9 1 8 3 9 7 7 3 1 10 2 9 5 8 5 2 3 3 2 8 9 4 9 8 3 5 3 3 1 7 5 9 10 5 6 8 2 4 8 8 10 6 7 2 8 1 7 6 6 3 3 10 4 6 9 6 7 1
M 2 8 1 8 3 1 5 4 1 4 6 8 8 7 7 3 7 4 9 2 8 9 3 5 3 2 8 4 9 9 7 1 7 1 1 9 9 1 8 8 5 3 2 9 7 10 6 2 1 5 9 10 10 3 9 8 8 2 6 3
TheAdventuresofPrinceAchmed 7 3 2 7 1 9 5 6 9 1 2 3 8 4 8 10 2 10 9 6 5 10 6 4 10 8 8 5 5 4 6 1 1 2 2 2 3 8 10 4 1 6 7 10 5 8 5 9 3 3 9 9 9 2 2 6 4 8 7 6
TheTravellingPlayers 3 4 4 7 7 7 4 6 7 7 6 6 9 5 10 2 6 10 10 7 3 3 8 1 3 10 1 10 9 9 3 2 1 9 7 5 3 5 5 9 2 8 10 7 2 10 7 1 9 9 1 8 9 6 5 4 6 1 6 5
ChelseaGirls 4 7 1 5 7 10 10 5 1 4 6 8 4 10 9 1 7 7 8 7 8 4 5 4 6 1 10 8 1 7 3 3 10 9 8 8 8 4 10 5 8 9 2 7 8 9 5 9 1 6 8 7 1 3 3 4 4 9 8 10
WomenontheVergeofaNervousBreakdown 6 6 10 10 1 7 5 6 2 6 10 2 2 3 3 8 8 5 2 4 6 3 5 7 3 1 3 2 5 2 3 6 7 10 4 9 3 3 5 6 6 8 4 3 8 4 2 5 1 7 3 1 10 5 7 4 7 4 7 8
AManEscaped 2 2 2 2 7 10 1 9 8 2 4 2 9 3 1 1 8 7 10 7 5 5 8 6 8 1 8 5 6 9 7 9 1 4 10 10 5 7 9 10 6 9 1 4 9 5 10 9 7 5 6 9 2 3 7 6 7 5 7 6
The39Steps 6 1 1 6 6 7 5 1 9 10 8 4 2 1 1 3 2 4 2 5 3 6 2 6 6 1 1 7 4 9 1 2 5 2 6 1 4 3 9 4 2 6 10 10 7 7 7 2 5 3 8 10 8 8 7 6 6 1 6 3
HowGreenWasMyValley 5 4 9 2 8 8 7 7 7 2 6 6 9 4 9 8 5 8 1 7 4 7 10 4 8 4 3 2 3 1 7 1 5 3 7 9 9 7 4 6 8 2 8 8 10 1 1 3 2 7 3 6 10 1 10 9 8 1 6 1
TheGreenRay 7 4 2 10 3 9 3 10 8 7 6 7 3 9 5 8 8 5 2 1 3 6 10 2 8 9 1 1 1 9 2 5 2 8 10 3 2 7 7 3 3 7 9 7 3 8 4 10 5 4 4 9 10 3 10 1 2 6 4 5
TheHouroftheFurnaces 2 2 2 2 3 4 1 1 9 5 10 7 3 9 10 9 5 5 9 3 4 7 1 6 10 9 10 10 10 10 5 8 5 10 3 9 3 5 1 8 8 3 4 6 6 3 10 10 2 2 2 3 7 6 8 10 4 9 6 1
TheLordoftheRings_TheReturnoftheKing 5 10 4 8 4 8 3 9 9 3 9 6 4 4 7 4 5 2 9 8 1 1 9 4 8 6 7 3 3 7 7 9 3 10 4 5 9 10 7 6 9 5 10 10 7 4 6 4 2 1 8 2 2 6 3 6 7 2 7 9
KindHeartsandCoronets 4 7 3 5 1 10 8 10 5 6 3 10 2 10 2 8 6 8 3 9 4 3 8 9 6 5 6 5 7 4 7 1 6 7 10 10 2 3 4 3 9 4 10 2 8 5 3 5 5 3 7 8 1 6 9 2 10 9 6 6
SheWoreaYellowRibbon 4 2 9 10 10 10 7 3 4 10 5 1 1 10 7 10 3 2 6 5 5 1 9 4 8 2 8 3 3 7 1 5 5 9 2 4 5 6 4 6 3 10 9 9 6 6 2 1 3 1 10 5 4 8 5 1 6 5 9 10
FlowersofShanghai 6 4 5 7 6 10 9 6 8 8 1 8 4 7 5 8 10 9 2 1 4 8 9 9 4 2 3 3 4 9 9 3 5 9 5 5 7 1 4 2 8 7 6 4 9 7 9 10 10 5 8 9 4 2 9 3 2 1 10 9
FlamingCreatures 9 3 1 2 2 2 9 5 9 8 2 9 9 3 5 5 2 1 1 8 7 5 7 10 2 7 10 10 6 3 10 2 4 9 6 6 3 3 1 4 4 3 1 6 8 2 1 4 7 6 4 1 10 5 6 6 7 1 9 3
AShortFilmAboutKilling 8 4 2 5 5 8 8 1 10 4 6 10 4 2 6 7 2 1 8 8 3 2 1 9 4 9 5 5 1 1 5 1 5 10 8 1 6 1 9 6 5 6 3 6 9 8 9 10 7 4 3 3 3 4 1 3 3 3 6 9
Vertigo 2 4 10 8 2 3 2 6 9 7 10 10 10 9 3 1 3 1 2 5 3 4 10 8 3 6 5 5 5 1 5 4 10 3 10 10 8 10 4 9 3 4 8 9 6 9 10 3 5 4 4 7 7 10 1 6 4 2 2 2
BigDealonMadonnaStreet 9 9 5 5 8 8 1 1 1 9 10 8 6 7 3 6 4 10 5 2 2 4 1 7 8 10 9 5 9 3 2 7 10 8 7 10 3 8 8 10 1 1 2 1 2 8 6 7 8 7 3 3 5 10 3 1 1 9 10 3
LoveandDeath 9 5 4 2 7 4 4 6 4 3 10 1 7 3 2 5 8 7 4 7 1 6 9 8 1 1 5 2 8 10 9 10 1 8 3 1 5 5 5 6 8 5 4 7 9 4 6 3 7 2 8 8 7 5 8 6 6 7 2 1
IntheRealmoftheSenses 10 10 5 3 9 10 9 7 4 6 2 7 1 9 1 2 9 8 8 6 10 9 4 10 2 10 3 9 9 9 3 7 4 3 1 10 8 4 5 5 7 6 6 5 4 1 10 7 10 4 10 5 10 5 2 10 1 10 1 1
ShortCuts 1 5 7 4 1 10 3 1 1 8 3 4 7 1 2 2 3 8 1 4 2 8 6 1 8 5 9 4 10 8 3 6 5 3 4 10 3 8 4 3 5 2 4 7 10 2 2 6 6 6 9 5 6 8 2 5 2 1 8 8
Carodiario 4 6 2 9 4 4 1 5 9 10 6 7 6 9 8 2 3 10 3 7 9 2 5 9 9 1 7 3 9 5 9 8 10 3 9 9 2 2 5 4 6 2 3 7 7 7 5 8 7 9 6 2 7 8 2 4 5 3 4 2
Se7en 9 7 2 8 4 1 1 7 3 3 1 8 10 7 2 2 5 10 10 2 8 2 1 9 1 9 1 6 7 10 10 5 4 1 1 6 2 3 6 10 8 3 5 5 2 3 6 3 2 9 5 4 4 1 1 10 10 6 3 9
AMomentofInnocence 9 7 6 4 5 10 7 2 5 7 3 7 3 10 10 7 2 7 2 8 5 9 9 2 8 9 10 2 6 6 8 5 5 10 3 1 2 10 5 7 9 6 9 3 3 5 5 4 10 10 1 1 4 10 5 9 6 4 9 5
FrenchCancan 6 1 3 9 10 7 6 1 3 8 8 4 1 9 10 10 3 1 6 1 6 7 10 8 2 4 6 1 9 5 10 10 5 2 8 8 7 4 4 10 10 3 7 5 1 4 3 5 10 3 2 6 9 2 1 3 5 4 1 2
Aliens 4 4 3 3 1 9 7 6 1 4 9 2 7 8 6 7 8 5 3 9 8 4 8 5 6 7 2 10 5 7 10 10 1 5 7 7 3 4 9 3 10 8 1 5 9 1 3 3 1 5 3 5 7 3 2 4 3 6 1 5
TheCriminalLifeofArchibaldodelaCruz 5 1 4 5 3 4 5 3 4 5 2 4 10 1 6 3 6 1 3 5 8 6 10 5 9 4 8 10 10 5 3 3 8 3 10 8 7 1 5 9 7 9 9 5 9 1 7 5 1 4 9 10 5 1 3 5 9 10 6 1
ToHaveandHaveNot 5 9 4 8 7 6 4 2 9 6 9 2 8 1 1 7 1 10 4 7 8 5 6 10 5 1 10 4 6 5 5 6 2 7 5 3 4 4 3 5 8 1 4 9 10 6 1 1 2 5 6 6 4 6 5 6 3 1 7 10
Festen 2 4 7 5 2 5 4 2 10 7 10 8 7 1 2 8 8 7 3 8 2 6 6 1 6 9 8 4 6 10 5 9 7 9 10 7 9 10 8 4 1 10 8 9 9 2 4 10 5 10 7 2 1 6 5 4 5 5 7 4
HoopDreams 1 10 8 6 3 6 10 9 9 10 9 4 7 8 7 3 10 8 2 1 10 2 3 2 4 1 4 5 5 7 7 1 10 5 7 8 7 2 9 4 8 9 6 5 4 6 4 4 1 9 10 10 5 10 6 7 3 5 7 3
TheWildBunch 6 9 9 10 9 7 4 5 9 10 3 9 10 6 9 7 1 8 10 9 9 6 8 5 5 3 1 3 10 7 7 8 10 10 4 6 7 6 8 5 5 2 2 3 8 5 6 2 6 4 3 10 10 3 7 4 6 7 9 9
ADiaryforTimothy 8 7 10 4 8 5 7 9 1 1 2 4 2 4 5 7 8 5 6 5 8 7 3 4 6 9 6 4 7 9 2 8 6 2 3 10 10 1 10 7 3 6 9 7 9 9 7 8 9 6 7 1 1 5 5 7 10 9 8 8
Aguirre_TheWrathofGod 5 2 8 10 1 1 7 9 9 2 4 6 8 2 6 8 10 10 8 4 8 7 7 8 6 1 7 6 5 6 3 9 4 4 10 9 5 3 6 9 9 2 3 10 7 5 10 10 9 5 4 10 7 8 1 9 7 1 6 1
LoveMeTonight 8 1 10 4 5 2 4 9 4 7 9 1 8 8 6 10 6 7 6 3 4 4 5 4 3 9 10 6 3 10 10 9 4 3 9 8 6 2 10 8 1 4 2 2 6 7 2 6 10 9 9 2 5 9 1 8 10 5 6 7
KaagazKePhool 1 6 8 9 1 3 4 2 6 4 9 10 1 6 5 8 10 7 2 4 3 7 8 7 3 10 9 6 4 4 2 7 9 5 10 10 9 4 3 9 9 1 1 10 5 8 7 2 3 2 4 2 9 1 1 9 10 7 2 6
Rocky 5 10 1 9 6 6 2 10 2 1 2 7 10 1 9 9 8 7 1 3 3 7 1 6 8 4 5 4 4 1 2 8 2 8 4 10 5 4 7 9 10 8 10 2 9 10 6 10 3 1 10 3 2 5 3 4 1 6 8 3
BartonFink 1 9 3 7 9 4 7 2 9 1 7 9 5 7 5 6 6 5 7 5 8 1 2 4 9 1 2 5 7 3 5 7 9 7 4 8 3 9 9 4 8 3 9 7 7 6 5 9 8 3 7 2 6 2 4 10 6 7 9 3
BringMetheHeadofAlfredoGarcia 9 8 6 10 10 8 10 6 7 2 4 1 2 2 3 5 6 2 5 2 10 6 6 6 4 3 5 9 8 2 10 5 9 5 7 7 3 7 5 1 3 10 1 8 1 8 6 1 7 5 10 5 9 3 10 5 3 9 3 6
EyesWideShut 3 5 6 5 5 5 8 8 1 1 5 10 4 6 9 9 7 2 5 10 10 3 4 7 6 4 5 7 7 3 9 8 9 6 1 9 1 3 1 6 10 3 1 3 9 9 8 10 3 3 10 7 4 7 1 3 3 7 4 2
TheDamned 6 6 8 10 4 8 9 2 7 6 7 4 9 3 8 3 10 5 3 4 2 2 3 1 7 9 8 2 10 5 7 9 6 2 5 1 4 1 2 5 6 10 2 6 3 8 10 5 2 6 4 7 1 10 1 6 2 7 8 3
TheLeopard 10 1 3 2 5 1 5 5 10 9 5 4 3 6 5 1 1 7 3 9 4 1 1 4 5 6 5 10 2 10 9 10 9 1 3 9 10 7 7 3 10 5 9 10 1 8 2 1 9 6 1 9 6 9 3 4 5 9 1 3
TheColourofPomegranate 6 3 5 7 3 7 4 6 1 3 2 1 7 10 4 5 9 9 7 3 8 2 3 1 10 7 8 1 5 9 1 10 5 6 2 3 6 1 2 10 1 8 4 6 3 1 9 5 9 5 2 3 1 3 5 1 4 6 3 7
TheSacrifice 4 3 9 9 10 3 3 9 3 9 8 2 6 2 2 7 8 9 1 9 6 6 8 1 10 8 3 6 1 4 6 3 6 3 8 8 8 4 4 8 1 3 7 7 2 8 1 1 9 1 2 1 1 5 7 7 9 1 4 9
Memento 3 10 7 2 8 9 6 6 7 7 9 6 8 4 4 1 9 5 1 6 2 10 9 8 9 1 9 6 7 3 5 3 2 4 4 1 2 5 8 5 5 7 1 10 4 5 6 8 1 5 10 9 5 10 9 8 2 5 2 5
HannahandHerSisters 4 6 2 6 7 2 8 4 8 3 3 8 10 1 4 7 5 1 6 8 3 5 4 5 6 6 1 9 1 3 3 9 4 3 9 7 2 8 4 4 3 7 1 1 4 1 6 7 5 4 6 4 2 10 4 9 4 1 8 1
CinemaParadiso 8 5 2 5 2 5 2 10 8 9 9 7 9 3 4 6 5 1 7 1 6 1 8 10 1 7 5 1 8 4 10 2 2 4 10 4 1 8 2 9 8 10 10 4 1 4 9 4 6 2 5 5 6 8 5 4 9 8 5 5
Sanssoleil 8 9 10 2 9 2 1 2 6 5 9 6 8 8 8 6 7 2 3 10 7 4 3 7 7 10 9 3 5 7 3 10 6 3 5 9 4 4 5 5 9 3 1 9 8 10 10 2 7 1 6 2 3 1 2 7 2 2 7 10
InglouriousBasterds 6 3 5 2 5 9 5 6 2 2 1 5 7 3 2 1 3 8 9 10 7 10 8 9 8 10 10 10 2 6 8 9 6 2 8 10 7 1 7 5 6 9 6 6 3 2 2 8 4 4 3 7 5 5 5 10 4 4 2 4
TheThing 8 2 5 7 1 9 5 3 6 8 7 1 10 4 5 7 3 5 2 9 5 8 9 2 5 9 10 4 8 9 2 9 8 3 2 9 4 7 7 2 5 9 9 10 3 4 3 7 1 5 10 9 6 5 5 7 2 4 2 8
ManoftheWest 10 5 5 4 2 5 3 10 7 9 3 7 7 4 10 8 6 9 1 5 1 6 7 3 10 4 9 5 9 2 2 6 3 6 4 8 1 7 5 2 10 6 5 4 10 4 3 9 10 9 10 7 2 1 9 8 2 7 6 5
JulietoftheSpirits 5 5 9 2 9 7 4 9 10 6 3 8 4 4 1 9 9 8 5 3 7 10 1 9 6 6 1 8 8 3 2 2 6 6 7 5 6 10 8 5 4 1 4 10 5 7 1 9 6 7 1 9 3 2 2 1 9 6 3 10
EdwardScissorhands 1 8 10 2 4 5 3 2 6 5 4 3 3 2 7 10 4 6 6 8 7 6 5 3 2 10 9 4 9 9 3 8 7 9 9 6 5 5 8 6 4 9 3 5 3 3 1 5 10 1 6 1 6 1 5 7 3 3 1 7
Husbands 4 2 4 8 3 5 2 6 2 1 4 10 9 7 6 1 2 5 1 10 2 8 5 3 1 10 10 9 9 7 2 8 3 2 5 9 3 8 5 4 3 8 6 1 4 6 10 9 2 7 2 9 6 9 10 2 9 4 8 4
SeventhHeaven 6 7 6 1 6 7 1 5 2 4 8 2 5 6 2 3 5 3 4 1 8 4 10 9 4 1 7 3 5 2 1 5 10 6 1 9 9 1 2 1 9 8 10 8 6 3 10 9 4 2 10 4 8 8 7 5 3 4 4 2
EyesWithoutaFace 8 8 6 2 1 7 1 5 3 6 8 3 5 5 6 6 2 2 6 7 6 3 4 7 3 10 9 8 4 5 1 3 1 3 9 5 1 9 4 2 5 7 6 8 4 7 10 7 2 6 2 8 4 9 9 10 7 8 9 4
TwentyYearsLater 10 6 4 9 1 4 1 3 5 2 8 2 4 4 5 2 2 2 7 4 10 3 6 10 9 2 4 4 4 6 10 1 8 5 8 9 10 5 2 7 9 8 8 3 1 5 9 5 4 8 10 3 1 8 6 10 7 6 2 2
ListentoBritain 5 2 4 4 1 8 4 5 5 2 8 10 7 6 4 6 5 1 7 3 10 8 3 4 10 9 9 5 7 5 2 1 10 6 10 2 5 7 4 1 3 8 2 10 4 3 6 7 4 3 2 3 6 2 8 1 8 9 1 2
RussianArk 4 6 6 1 8 4 9 7 10 1 1 1 3 1 7 1 9 5 5 6 9 10 10 10 6 6 10 8 5 8 3 4 3 5 5 3 2 1 5 4 8 3 6 6 2 2 8 7 9 1 2 9 10 9 10 2 4 2 10 7
StreetofShame 4 5 9 10 3 4 9 8 1 1 4 7 3 4 3 5 4 8 4 3 5 4 9 7 6 6 8 9 10 6 1 2 5 6 4 7 9 5 6 5 7 1 7 3 1 4 1 7 1 8 2 10 4 2 1 9 3 6 8 1
Yojimbo 1 8 7 7 8 4 6 8 5 9 5 9 2 7 6 7 1 4 2 5 1 2 4 3 1 5 1 3 6 6 1 8 4 8 6 1 3 9 2 9 3 5 1 6 6 9 7 7 3 4 3 5 6 10 4 1 4 10 3 10
JurassicPark 2 5 7 4 9 7 4 6 2 10 7 3 4 6 3 5 8 7 5 7 10 2 8 8 10 1 6 7 3 2 3 5 2 2 2 1 5 8 4 6 3 1 1 5 8 8 6 4 4 8 7 6 6 7 8 10 9 3 6 1
Berlin_SymphonyofaGreatCity 3 7 6 6 10 3 6 4 3 2 8 3 8 1 3 8 3 5 2 6 9 4 10 3 4 10 7 9 5 1 1 9 10 1 2 7 3 9 9 6 8 6 6 10 7 3 1 9 4 1 4 5 2 6 1 6 5 7 9 8
Excalibur 4 4 4 8 10 7 6 1 2 6 10 3 10 5 7 1 7 8 8 10 2 6 2 3 5 8 2 2 3 1 4 2 9 5 6 3 10 7 8 10 1 5 10 4 10 2 4 7 10 2 10 8 1 5 6 8 8 5 5 9
TouchofEvil 6 3 3 4 5 9 2 4 8 6 8 2 7 8 4 1 6 1 8 7 4 2 10 3 1 3 3 4 4 2 9 9 7 2 5 8 7 1 2 5 2 3 2 1 2 8 9 9 4 6 2 10 9 8 6 9 1 4 9 4
FunnyGames 5 6 2 5 6 4 6 10 6 3 7 4 8 10 9 7 1 8 9 9 6 1 1 2 4 6 8 3 3 8 8 6 6 4 2 7 7 6 6 5 6 2 3 6 2 6 7 10 5 1 3 4 8 1 8 3 10 4 5 8
PointBreak 3 1 2 8 8 6 1 1 2 6 1 10 9 5 8 10 3 9 5 9 9 9 3 1 9 3 9 1 4 6 7 8 3 5 1 7 8 5 4 2 10 2 6 9 5 2 6 3 10 1 8 9 2 6 5 5 9 2 1 4
LettheRightOneIn 3 3 2 3 2 6 7 8 10 9 4 8 9 5 10 6 1 8 8 8 5 5 10 2 7 10 7 7 5 7 3 8 3 3 5 2 9 5 1 3 4 6 10 7 2 1 2 3 8 9 7 8 8 8 10 7 2 8 2 7
TheGrapesofWrath 2 7 9 10 2 3 9 1 6 7 6 7 10 1 9 4 9 3 10 1 9 2 6 8 2 7 2 4 7 1 6 8 8 4 2 6 1 4 4 4 4 3 8 9 8 4 7 2 5 7 8 1 4 7 6 6 2 6 2 4
YellowEarth 6 3 1 2 2 3 5 9 8 1 8 10 10 9 10 6 8 2 3 10 4 2 4 4 1 9 1 1 6 6 8 2 9 9 4 4 8 9 7 2 5 8 10 10 10 4 9 7 8 1 5 4 8 1 2 4 2 3 3 6
StarshipTroopers 6 6 9 4 10 2 3 1 4 3 9 3 1 8 6 2 4 5 7 7 3 9 4 3 5 4 5 10 8 8 5 3 3 7 1 1 10 2 1 10 8 7 8 10 10 8 10 8 8 5 5 3 3 6 10 1 1 3 6 6
Fargo 8 6 2 6 10 2 6 4 3 9 8 4 3 9 2 1 8 10 6 5 4 4 5 5 8 2 6 3 9 7 9 10 1 3 7 5 3 1 5 2 10 6 10 1 8 9 10 2 6 9 6 3 4 1 3 1 9 5 9 9
Audition 1 3 2 3 6 3 10 3 3 10 3 2 10 7 7 5 5 3 1 10 9 7 10 1 5 7 2 9 1 7 5 5 1 6 10 5 5 10 2 6 6 1 8 7 5 4 6 2 5 9 6 6 4 7 7 9 2 9 5 5
ChronicleofaSummer 3 3 8 4 1 3 4 10 9 5 3 9 4 5 5 5 4 5 4 4 9 7 7 10 6 4 2 3 9 6 6 2 4 4 5 6 6 10 5 5 7 6 3 3 5 2 4 5 1 4 2 2 3 4 4 1 7 2 5 8
TheMusicRoom 4 8 6 1 1 6 7 1 7 6 2 8 6 9 4 7 2 10 9 2 7 8 1 10 1 8 8 6 6 1 9 4 3 4 10 10 6 9 1 6 5 7 8 8 9 9 9 7 3 6 4 8 9 6 6 5 7 7 6 2
EdWood 3 4 10 7 8 2 8 5 3 4 9 10 2 7 9 6 7 8 3 8 2 2 4 2 9 5 5 7 9 9 7 5 9 9 6 10 5 10 3 7 6 7 1 5 8 3 7 3 10 1 1 5 6 3 4 10 7 5 2 2
Nashville 6 3 7 9 2 7 6 4 7 7 6 1 2 1 4 1 9 4 6 3 6 3 9 8 10 7 8 1 1 2 6 7 1 6 1 5 2 6 5 5 3 7 4 7 7 5 10 2 5 3 3 5 7 1 9 9 8 9 3 6
KingsoftheRoad 7 6 5 5 6 5 7 9 2 7 8 10 9 6 8 1 9 4 3 7 8 4 6 5 7 10 5 6 1 2 7 1 5 6 10 10 7 10 5 7 3 10 2 6 10 9 9 6 1 10 7 5 8 1 7 7 7 3 1 4
WerckmeisterHarmonies 9 1 2 7 8 8 5 4 6 3 1 8 4 2 3 9 3 10 6 5 10 5 3 5 2 10 10 8 10 2 3 4 7 10 2 7 9 9 3 8 5 10 5 9 10 2 3 6 5 6 8 6 3 9 1 8 8 3 6 1
BlackOrpheus 4 2 1 6 5 3 7 5 8 9 3 5 8 4 7 5 6 8 10 4 1 3 6 1 5 7 2 10 1 2 10 7 1 8 8 2 4 3 1 7 8 1 5 3 7 9 5 9 2 2 9 1 1 5 8 6 8 4 5 7
UncleBoonmeeWhoCanRecallHisPastLives 9 2 10 2 10 7 6 6 10 8 1 10 8 10 3 4 9 9 3 5 7 5 9 6 8 9 10 9 2 1 9 10 1 2 1 2 8 2 6 9 7 9 3 1 1 5 9 6 8 10 7 1 3 6 4 6 5 2 4 10
TheBestYearsofOurLives 3 3 5 9 7 2 3 9 3 5 6 2 1 1 4 10 5 10 1 5 8 2 9 8 5 2 1 6 10 1 1 6 5 3 2 6 8 5 7 10 8 8 8 5 6 4 3 7 1 3 3 5 7 1 10 2 10 5 10 4
TheHolyMountain 5 1 5 5 7 10 6 2 2 5 9 10 7 2 6 8 9 6 5 3 5 3 7 9 2 9 10 5 1 10 5 5 7 6 3 7 10 3 3 2 4 4 1 6 10 6 4 4 5 1 5 10 3 4 6 3 6 10 6 9
Repulsion 3 1 10 10 10 1 4 8 5 5 5 2 9 7 5 6 4 2 8 6 2 10 6 7 5 10 1 10 8 5 10 7 3 8 7 1 3 2 5 4 1 5 8 9 2 9 5 10 4 4 3 3 2 7 3 2 8 5 5 3
FiresWereStarted 9 2 1 7 9 2 1 6 2 10 7 4 6 6 2 6 7 2 5 6 2 10 7 4 8 1 5 8 1 3 9 7 8 10 2 7 7 3 4 10 1 9 5 8 2 2 7 1 5 4 2 5 4 9 5 9 5 6 10 8
KillerofSheep 8 3 8 6 3 8 5 6 5 6 1 2 2 8 2 5 3 3 8 10 7 10 7 4 7 4 10 3 7 9 5 1 10 8 5 3 7 2 10 2 5 4 9 2 4 7 8 7 7 4 6 9 1 7 5 10 5 3 10 4
Diary 7 1 1 7 6 10 9 9 3 2 4 8 3 2 3 5 8 7 10 6 5 3 10 7 5 7 10 7 7 1 2 2 4 8 3 2 2 9 1 1 6 5 5 1 9 8 8 1 7 4 2 4 10 9 1 9 9 2 4 6
Viridiana 3 5 7 9 3 6 8 4 7 5 3 4 6 9 3 2 7 2 5 2 7 4 4 7 8 8 10 6 7 7 7 8 9 1 1 1 5 2 6 3 5 7 7 1 8 2 5 2 4 10 2 9 5 9 3 1 7 9 5 5
TheLadykillers 7 4 6 8 2 2 7 10 3 5 10 9 10 6 8 6 2 1 10 9 4 9 6 2 10 1 8 2 10 4 7 10 2 3 2 1 3 10 4 9 8 8 1 7 7 8 10 10 9 1 3 2 8 7 5 7 9 5 8 5
RoccoandHisBrothers 4 1 4 7 9 6 1 9 5 4 4 3 1 1 8 9 1 2 6 2 6 3 9 7 1 5 1 10 4 4 10 1 6 7 9 3 8 3 2 2 9 4 10 6 4 8 2 9 9 9 1 5 1 1 10 9 5 10 4 3
TheCranesAreFlying 7 6 9 6 5 5 4 6 1 1 6 6 2 5 3 4 6 7 7 5 5 6 6 3 9 6 3 8 1 7 4 4 7 7 9 10 5 10 10 3 10 10 9 3 9 2 2 6 4 7 9 9 1 2 6 6 5 9 2 8
TiticutFollies 10 2 7 5 9 2 6 5 4 7 9 10 8 2 5 3 2 5 10 2 7 10 5 7 2 1 4 1 2 6 10 3 8 5 7 4 7 1 5 4 1 9 7 3 7 7 7 7 4 2 10 2 7 4 2 7 6 5 4 10
TheLongGoodbye 8 1 4 5 5 6 6 6 4 10 1 3 10 4 10 10 5 4 7 5 5 2 3 1 4 4 2 5 6 2 3 2 1 4 10 5 4 7 10 7 4 1 7 1 8 3 7 5 4 1 4 1 3 7 8 3 8 9 3 9
TheManWhoWouldBeKing 1 7 1 3 8 6 1 10 4 9 3 9 1 4 4 7 5 9 10 8 8 5 4 6 10 7 9 10 10 6 10 2 1 8 8 4 1 9 3 10 7 5 10 10 8 8 4 7 5 7 2 10 9 4 5 9 10 8 2 7
SevenSamurai 8 1 10 7 7 7 9 4 1 2 8 6 1 6 2 10 2 7 10 4 3 8 10 4 3 5 10 3 7 6 4 6 6 9 9 6 8 10 6 5 4 7 1 10 4 7 7 10 8 5 6 8 7 7 4 3 6 9 3 1
Walkabout 8 9 5 5 5 2 6 1 6 7 10 7 8 7 4 4 7 10 1 4 1 9 1 7 2 1 3 10 3 8 5 1 6 2 8 6 5 6 8 7 10 9 10 4 2 10 6 10 10 3 8 7 3 1 2 2 4 10 4 9
ForbiddenGames 9 2 4 3 10 3 2 8 3 7 2 2 2 7 1 2 7 7 2 3 1 6 10 1 6 8 2 1 5 10 3 5 5 4 9 1 3 2 5 6 5 4 1 5 6 3 9 6 5 3 4 7 3 4 1 4 7 3 7 5
Ten 5 2 7 6 6 4 8 5 4 2 1 6 3 2 8 8 8 2 10 8 8 2 5 2 6 2 9 3 3 7 10 8 5 2 2 4 9 7 1 3 6 6 1 8 2 10 3 9 4 7 7 5 7 4 6 8 9 7 1 7
ThatObscureObjectofDesire 2 7 9 6 6 10 8 6 2 8 1 2 5 7 9 1 3 1 7 2 3 3 6 4 9 2 5 3 2 6 2 6 3 7 9 3 10 1 8 4 8 9 4 7 5 3 5 7 10 5 7 6 8 8 8 2 7 1 6 6
TheBitterTearsofPetravonKant 1 2 8 7 2 5 4 3 6 1 4 1 2 4 3 7 2 8 5 7 10 10 10 2 5 7 5 9 9 5 8 5 1 5 6 4 3 9 5 8 3 1 1 8 5 6 4 1 8 5 3 10 6 6 1 10 2 5 3 6
TheConversation 5 7 2 2 4 7 7 3 3 9 5 3 3 3 7 8 2 6 5 6 8 2 4 1 6 5 8 2 1 6 6 6 1 8 6 4 2 7 1 7 1 6 7 5 1 8 9 8 3 7 4 9 4 7 3 5 8 8 4 4
TheTurinHorse 7 5 9 7 8 8 9 1 8 3 3 8 3 1 1 9 4 9 2 5 5 2 8 9 7 6 8 1 8 6 2 8 5 1 10 10 4 4 4 5 6 10 3 1 4 2 9 1 6 2 9 5 3 3 3 2 7 7 1 6
Dekalog 3 8 5 5 9 6 6 9 1 7 2 1 1 6 4 7 2 4 2 3 10 10 7 1 3 1 7 6 9 3 10 2 3 8 2 4 1 4 3 8 10 8 10 4 7 4 5 3 6 4 7 7 7 10 3 3 1 10 6 8
Morocco 3 2 2 10 6 8 8 5 2 10 4 2 10 7 2 8 1 10 2 5 8 10 7 3 2 6 10 5 3 4 5 2 8 4 9 8 4 3 4 6 4 7 5 4 9 1 4 1 4 4 2 9 3 9 7 1 2 8 2 9
TheDeerHunter 7 10 3 1 3 5 1 9 7 4 5 7 4 3 9 9 3 5 8 2 5 8 4 8 4 8 4 3 1 1 2 8 6 10 3 1 4 4 2 4 6 2 3 6 9 6 2 1 7 6 8 2 3 10 8 2 1 3 8 9
GetCarter 4 6 4 3 7 1 7 3 7 4 8 6 3 4 1 10 10 2 4 1 5 10 3 3 9 10 10 1 3 5 1 8 4 7 4 1 2 2 1 1 9 10 6 4 3 6 4 5 1 5 10 8 4 4 8 7 3 8 7 7
Ran 9 3 5 2 6 3 7 3 2 7 3 3 9 2 7 5 4 4 3 6 5 5 2 3 4 4 8 10 4 8 9 8 5 9 3 6 1 6 2 1 9 3 4 2 3 8 4 3 10 1 10 6 4 2 7 7 4 2 5 9
BlissfullyYours 4 3 9 5 1 5 7 4 6 1 7 1 8 7 7 6 2 4 7 7 2 8 7 10 5 6 8 10 9 4 5 10 6 6 2 1 1 1 7 5 6 8 7 1 1 8 3 4 1 2 6 4 4 7 9 5 10 1 2 9
Suspiria 1 5 9 5 5 4 5 5 2 5 1 4 2 4 2 8 8 8 9 6 10 1 9 2 1 7 9 8 10 5 6 2 10 10 4 1 3 4 5 1 5 1 4 10 3 7 4 9 4 1 9 1 2 9 2 4 6 3 9 10
Stroszek 8 1 10 2 2 3 3 8 5 1 9 8 1 10 3 6 9 3 9 4 7 7 4 10 6 9 1 10 10 2 7 9 7 9 3 5 10 7 8 4 1 2 6 10 4 6 9 7 6 6 4 4 4 10 6 1 10 1 7 3
TheServant 9 2 8 6 10 5 2 1 4 1 6 4 8 9 1 7 7 7 3 10 6 8 8 4 9 2 6 7 1 8 5 3 8 10 2 1 3 7 5 10 9 4 9 10 7 8 1 10 9 3 4 5 7 3 4 1 10 7 2 6
Moonfleet 2 9 9 8 1 4 8 2 4 9 3 6 3 5 9 7 1 6 7 5 5 10 2 8 6 1 9 5 6 1 7 10 3 9 3 2 2 1 1 4 8 1 9 7 3 3 6 5 4 7 6 1 1 10 10 6 5 1 10 2
TheTigerofEschnapur 3 10 4 9 2 2 9 8 5 9 5 6 8 1 2 1 4 8 8 5 2 7 6 3 8 6 9 6 8 4 7 4 5 9 1 6 10 3 10 1 3 9 8 8 5 2 6 3 8 10 1 3 8 4 7 7 2 1 3 6
OnlyAngelsHaveWings 1 1 4 10 9 9 7 10 10 2 6 10 10 1 10 2 4 9 3 10 4 6 10 9 9 4 6 3 1 8 4 10 5 9 10 5 1 2 4 2 4 9 2 4 6 1 6 7 5 8 7 6 1 8 9 4 2 8 5 3
Pickpocket 8 8 4 6 4 1 5 10 7 4 8 9 1 6 2 4 9 3 1 9 8 7 6 3 7 2 6 6 10 7 3 6 9 2 8 8 3 8 1 4 3 2 5 1 4 9 6 1 9 4 4 1 1 1 4 2 8 9 6 5
TheCameraman 8 5 6 1 9 10 8 1 5 2 7 5 8 5 9 9 10 10 1 10 9 7 2 1 9 2 2 1 2 4 2 4 4 8 10 1 5 8 8 1 10 10 7 2 1 9 3 10 5 4 10 3 3 7 2 10 5 2 3 8
LancelotduLac 2 3 7 4 5 10 2 3 10 10 8 3 1 5 1 4 7 10 4 8 2 2 1 7 7 7 2 1 6 10 10 4 10 8 6 6 3 3 4 10 7 4 8 6 5 1 10 8 3 4 8 2 10 3 1 4 4 5 3 9
Hunger 5 8 9 1 2 1 10 4 9 4 10 2 10 3 9 8 2 2 5 8 8 6 10 2 3 7 3 5 10 5 6 4 10 2 2 1 3 10 1 1 1 10 7 3 6 3 2 2 6 8 3 5 10 6 3 2 1 7 1 2
BerlinAlexanderplatz 5 6 1 8 10 2 4 5 10 9 10 3 1 4 7 3 1 9 4 5 1 3 6 6 6 8 7 10 3 5 5 1 8 4 10 4 9 6 1 6 4 3 9 3 6 1 10 9 3 1 6 4 8 4 5 5 10 1 7 3
MyFriendIvanLapshin 8 1 9 4 10 6 10 4 1 1 4 10 5 4 1 8 8 10 4 9 1 9 10 2 8 6 5 10 10 3 10 6 4 8 2 8 6 4 9 4 2 1 1 7 8 10 7 6 10 8 5 2 7 9 1 9 10 8 1 6
TheKilling 2 4 2 9 6 9 9 6 5 4 8 2 6 5 7 1 8 7 4 6 6 2 1 8 8 5 2 9 3 10 8 9 7 4 5 7 8 6 5 7 5 5 5 7 2 3 4 8 9 2 9 9 3 6 8 5 3 10 4 8
HappyTogether 10 1 9 3 1 5 4 2 4 6 6 7 9 1 3 1 9 2 8 1 8 4 7 6 4 6 4 2 6 2 6 7 7 3 2 5 8 3 4 10 4 10 5 5 5 2 10 6 2 4 4 3 4 3 9 6 4 9 2 5
Bambi 7 6 5 6 10 1 6 10 4 6 4 9 1 5 6 8 1 2 7 1 1 10 5 2 1 3 4 9 1 10 6 5 2 2 5 6 2 4 9 9 6 4 5 8 6 9 9 10 5 4 7 2 4 5 7 4 1 2 6 2
Casino 9 1 4 9 7 8 1 8 9 9 1 7 3 2 9 3 2 4 8 9 8 5 10 7 6 5 3 8 5 3 1 5 5 6 3 4 8 10 2 6 2 9 6 4 4 3 5 10 3 8 3 4 6 4 8 9 5 10 7 10
Amadeus 7 6 3 9 7 1 5 7 2 7 8 2 7 7 2 6 4 2 10 9 8 6 8 9 1 5 6 10 8 5 1 8 1 9 10 9 10 9 3 3 2 10 3 2 4 5 1 2 3 6 7 5 3 2 6 6 2 10 4 10
TheBridgeontheRiverKwai 5 4 7 9 2 9 9 5 4 3 2 5 8 8 1 4 7 10 5 8 3 5 7 9 7 8 8 2 8 6 9 10 9 9 3 1 8 10 9 10 3 9 1 5 6 9 10 6 5 1 3 6 5 4 2 5 1 3 6 8
PinkFlamingos 7 6 9 4 9 9 2 7 6 7 10 7 1 4 2 1 8 7 2 2 7 3 8 5 10 9 9 4 7 2 3 5 4 6 4 1 4 8 7 10 7 2 3 4 7 8 5 10 4 3 1 4 9 1 10 10 5 5 5 8
PickuponSouthStreet 1 8 9 1 7 9 1 5 10 9 8 2 5 7 10 1 1 7 6 6 10 4 6 5 6 6 8 6 8 10 2 1 10 6 6 9 5 10 8 7 10 2 1 5 9 6 3 2 1 10 1 6 8 1 10 5 5 2 9 4
FelliniSatyricon 3 7 2 3 10 2 4 8 1 5 1 2 10 9 5 9 8 8 5 2 4 7 9 7 2 2 8 10 4 7 8 2 10 10 3 8 7 5 5 6 3 3 9 1 8 1 7 7 7 8 3 10 1 1 5 1 7 10 6 6
BladeRunner 10 8 2 9 4 2 4 7 1 5 3 3 9 5 7 7 4 10 10 6 1 3 6 8 10 10 3 10 5 4 9 7 10 5 2 9 4 3 4 2 6 6 10 4 9 7 10 2 9 6 8 10 10 2 5 4 3 8 1 8
TheLastBolshevik 8 5 9 5 3 2 7 8 3 4 9 3 5 5 1 4 10 1 6 9 4 5 6 5 6 1 8 4 3 4 1 3 6 9 4 8 10 5 5 5 4 2 1 2 5 1 8 9 4 3 7 2 5 9 8 1 3 3 9 3
TouchezpasauGrisbi 4 9 3 6 8 5 5 1 6 10 4 7 2 5 4 6 7 5 3 2 2 3 9 1 5 5 5 6 7 3 5 1 9 8 1 8 6 10 9 8 6 10 7 9 3 1 6 1 7 7 10 5 6 8 10 7 10 6 10 8
TheLordoftheRings_TheFellowshipoftheRing 4 9 7 8 4 5 6 9 9 10 9 5 7 2 4 5 7 2 8 5 8 7 4 6 3 1 10 6 4 4 6 9 4 1 4 3 8 3 3 8 8 2 2 2 4 9 10 6 6 3 7 3 10 8 1 4 2 6 5 8
TheWhiteRibbon 4 9 6 2 9 9 5 7 4 1 3 3 5 7 10 9 4 9 6 2 10 8 4 6 5 9 2 7 10 5 6 4 9 1 4 2 1 10 9 6 8 7 10 5 1 7 4 3 9 7 4 8 4 3 3 8 9 1 2 3
AWomanofParis 4 6 6 10 6 7 10 2 10 10 9 9 8 10 5 9 10 8 8 7 1 3 3 9 1 7 10 5 4 2 10 4 2 8 5 5 10 8 2 5 9 4 5 2 5 3 2 7 9 7 2 6 6 7 9 4 9 4 8 7
Charulata 5 2 7 10 7 3 6 4 2 10 3 10 6 4 4 9 4 10 5 5 4 9 5 2 1 2 6 4 7 4 7 6 5 5 10 10 10 8 4 10 5 10 5 8 4 10 2 4 10 4 8 6 9 5 6 3 2 3 1 3
Othello 9 5 4 9 8 8 7 6 3 3 7 4 6 5 7 9 5 1 4 9 2 8 1 8 7 7 8 2 5 8 5 2 6 10 7 7 6 9 8 2 8 3 2 7 2 2 5 10 5 8 1 2 6 5 1 8 8 5 8 7
Gertrud 5 1 2 10 3 6 2 7 1 7 4 3 4 9 3 2 2 1 7 4 7 6 1 1 2 10 5 2 8 1 5 5 6 7 10 2 1 7 6 2 1 4 1 2 5 3 5 8 2 3 1 9 5 5 7 3 1 1 5 6
TopHat 5 1 8 8 5 2 9 2 10 2 2 1 8 1 3 7 6 5 9 9 5 9 1 6 10 5 4 6 9 10 6 9 1 2 8 5 8 1 2 1 4 8 3 7 8 5 2 10 3 9 5 5 8 1 8 1 1 8 9 6
EdvardMunch 6 6 4 8 6 8 4 3 9 1 10 6 3 6 10 5 3 6 8 2 10 8 2 2 3 3 10 4 7 8 6 2 10 5 7 9 6 1 7 1 10 7 6 2 8 2 8 1 1 10 5 8 9 1 8 8 8 10 5 9
ThePurpleRoseofCairo 1 10 9 1 4 9 8 3 5 1 1 7 3 1 8 8 9 8 2 10 6 9 3 2 3 7 9 8 7 1 10 3 10 2 9 9 8 2 4 5 1 8 2 7 1 9 7 9 8 6 10 8 10 10 3 8 6 9 8 8
Gummo 6 9 9 7 4 9 2 10 2 7 2 10 7 9 4 7 2 5 5 7 1 7 5 2 9 8 3 6 6 4 10 3 8 7 1 3 5 2 9 10 4 10 1 7 6 4 8 10 9 1 5 9 5 6 9 5 7 4 2 3
SalvatoreGiuliano 7 2 9 9 4 7 9 10 7 5 8 4 4 4 6 4 9 10 8 5 9 7 1 5 10 7 7 6 5 5 8 5 9 10 4 2 1 1 8 8 2 8 1 7 10 5 10 7 9 9 2 4 7 9 9 1 5 1 6 5
TheTimetoLiveandtheTimetoDie 7 10 3 2 4 10 9 8 3 1 9 5 8 1 8 10 8 6 3 8 4 8 4 3 8 9 9 2 9 8 10 7 2 3 2 4 7 6 6 5 1 5 8 6 1 6 10 8 3 1 5 8 8 5 10 8 10 4 9 7
12AngryMen 8 6 6 9 10 7 9 8 5 7 9 4 8 3 6 8 10 10 1 10 6 6 2 6 2 5 1 8 7 7 2 4 7 4 10 6 4 5 6 3 5 10 5 1 5 9 10 6 6 8 4 2 4 8 5 8 8 7 3 3
SplendorintheGrass 5 8 5 2 3 2 9 10 8 3 7 4 7 2 3 8 2 4 7 5 8 1 3 6 3 3 6 4 5 10 6 8 5 2 8 4 4 6 7 5 2 3 10 1 1 5 1 4 5 7 2 1 4 8 4 3 3 4 3 4
Rififi 7 8 6 5 4 5 3 2 5 4 7 7 1 5 3 2 3 2 8 6 9 7 1 9 9 4 1 4 9 3 6 5 8 2 4 4 10 6 3 10 2 7 7 7 6 9 4 6 3 5 8 10 8 6 1 1 6 3 8 3
TheOutlawJoseyWales 1 3 1 9 9 10 10 9 6 9 9 2 1 9 5 8 3 1 6 4 10 4 9 8 10 7 8 9 6 5 6 5 6 8 10 5 7 4 7 8 5 7 7 8 5 5 1 9 3 3 6 2 8 6 8 9 10 1 5 7
MonsieurVerdoux 3 6 6 4 3 10 3 5 5 8 10 5 4 6 3 6 2 1 8 1 9 5 5 10 8 6 7 1 8 3 1 5 5 2 10 10 7 10 10 2 3 5 7 7 5 4 4 2 3 5 2 1 10 8 4 8 6 3 9 3
TheBandWagon 2 1 10 1 6 9 5 8 6 2 9 4 5 1 10 7 1 8 9 10 8 10 7 3 6 4 1 7 2 3 9 10 8 5 9 5 9 8 5 6 5 3 6 3 8 8 6 7 6 3 4 4 7 9 10 9 9 10 10 4
TheGoldRush 3 2 3 5 4 9 1 8 3 1 7 9 2 1 5 8 4 5 2 9 6 7 3 10 10 8 2 4 10 10 6 5 7 7 9 9 1 8 3 5 6 8 8 2 2 2 3 10 4 3 2 9 6 4 3 7 4 4 1 3
BlackNarcissus 2 5 7 8 3 6 9 2 9 5 1 2 6 1 8 4 5 3 2 7 5 7 3 7 6 1 2 5 1 8 3 7 2 8 4 9 7 8 7 3 6 1 7 3 2 1 7 1 8 6 3 6 8 6 9 9 8 8 6 8
TheGraduate 5 2 3 6 2 2 4 9 5 5 7 1 2 7 1 2 6 8 10 6 2 6 6 4 4 2 10 5 1 9 10 6 4 10 10 2 9 7 5 2 2 8 1 1 5 2 5 5 6 7 5 2 3 5 2 7 5 4 9 6
BarrenLives 8 3 5 1 4 4 8 8 9 10 2 5 5 1 5 10 5 1 4 9 7 4 2 1 4 1 10 5 10 7 1 3 4 4 7 6 3 5 9 8 4 3 1 1 10 10 9 9 8 10 6 9 2 10 9 4 5 4 1 9
TheRedCircle 9 3 10 6 5 3 1 9 7 6 4 10 7 6 6 7 7 7 8 6 9 9 7 8 10 10 2 8 1 8 4 1 5 9 4 10 10 2 5 3 8 4 1 9 2 5 2 9 6 9 9 8 9 6 6 7 10 4 3 10
TroubleinParadise 9 1 4 4 2 6 7 4 3 5 8 2 3 10 1 1 3 3 5 3 8 2 7 5 10 5 5 9 10 4 1 8 8 7 10 4 10 3 4 7 3 4 2 4 7 7 5 1 8 4 1 3 9 10 1 6 9 4 5 2
Tabu 8 7 5 5 8 3 4 1 1 4 6 2 1 4 8 6 4 4 10 2 4 8 1 10 10 1 9 6 3 4 3 8 8 1 9 7 1 1 2 3 8 5 6 9 1 9 9 9 10 3 5 10 10 2 2 5 1 4 3 3
ThePrincessBride 3 3 7 9 1 4 8 1 2 2 1 8 9 4 1 5 2 10 10 9 8 6 10 5 10 4 7 4 2 2 4 6 1 6 1 8 7 10 1 1 6 5 2 4 1 1 9 6 3 1 4 9 2 10 6 2 1 7 2 7
TaleofTales 7 6 6 10 2 5 3 8 4 4 9 9 5 5 8 2 9 7 3 10 6 10 5 8 8 6 2 5 5 7 4 8 3 9 2 1 7 5 8 7 6 4 2 6 8 4 10 3 7 3 7 7 7 10 9 2 2 1 9 1
Cabaret 6 9 5 8 10 3 1 7 5 4 2 7 1 1 6 4 8 2 5 8 2 1 8 2 7 6 8 6 7 3 7 8 2 7 2 3 4 2 8 5 10 2 5 6 2 10 10 1 7 6 3 5 1 1 5 1 1 6 5 9
TheTreeofLife 3 5 4 9 6 10 7 8 8 3 9 6 8 3 4 5 1 5 9 7 8 5 10 8 3 7 2 10 9 5 4 1 3 3 6 4 9 3 9 1 6 8 9 8 6 10 9 6 7 4 7 2 8 4 5 4 10 8 4 1
ATouchofZen 3 9 3 5 1 5 5 2 7 4 6 6 3 8 2 5 6 10 5 9 1 3 6 7 10 7 9 10 9 6 6 10 8 1 2 9 9 4 2 3 8 9 9 3 4 3 5 10 6 5 8 5 9 2 2 1 5 1 5 1
SimonoftheDesert 10 9 9 2 3 8 1 1 8 2 4 4 9 7 1 7 6 10 6 6 5 1 4 8 3 6 2 7 2 8 8 3 1 6 8 9 8 7 9 10 1 8 3 10 2 4 5 7 7 4 9 6 10 2 3 5 1 7 8 9
LawrenceofArabia 5 10 4 4 3 5 3 7 8 7 5 10 9 8 10 4 6 6 10 5 6 2 4 4 9 6 8 8 9 6 2 4 9 6 3 5 8 9 6 3 8 1 6 1 2 8 10 5 9 6 10 1 5 8 5 4 3 6 10 3
SomeCameRunning 5 9 4 9 2 8 9 2 8 8 9 5 8 5 7 5 9 3 7 2 10 5 4 5 10 3 6 5 7 6 10 5 3 3 7 10 7 5 10 6 4 10 10 8 10 6 5 2 5 7 6 8 3 8 8 3 4 4 3 5
TheApartment 8 2 1 6 2 7 8 5 7 8 5 5 1 3 10 5 5 5 4 8 1 5 5 8 6 1 6 7 2 5 3 10 5 2 5 10 5 1 3 8 4 6 5 9 5 8 5 2 3 6 2 4 7 10 5 10 2 3 7 1
TheRoyalTenenbaums 5 5 3 5 8 6 8 1 1 9 4 6 7 7 10 4 6 3 4 1 8 9 8 9 5 4 1 9 5 4 9 9 5 10 3 1 5 6 3 4 8 3 10 6 7 10 6 1 7 1 9 9 9 4 6 6 9 9 10 10
Magnolia 5 3 2 9 7 6 7 5 10 3 8 10 10 3 2 1 2 10 6 5 10 1 8 4 10 9 9 5 7 5 6 1 4 10 6 10 5 9 1 10 9 8 9 2 7 7 10 6 7 5 2 2 9 8 9 8 2 7 8 5
ThePianoTeacher 8 10 4 9 1 1 9 10 6 10 6 1 10 1 5 9 8 8 6 8 2 4 1 1 2 3 6 9 3 5 8 10 7 8 7 5 10 4 6 10 4 10 1 4 5 10 1 10 8 4 6 8 4 1 10 6 1 8 3 4
AllAboutMyMother 4 10 4 7 1 7 5 7 6 2 8 4 3 1 8 5 1 3 8 10 3 10 9 10 10 3 7 6 4 3 6 2 9 3 9 2 5 3 1 8 5 4 6 8 5 4 1 3 5 9 10 9 9 9 8 1 3 4 4 9
CatPeople 4 7 4 6 1 10 8 7 3 9 10 2 3 4 8 10 2 7 2 1 6 6 2 9 6 1 5 1 4 1 2 5 1 4 10 1 4 2 6 2 1 5 5 6 3 8 2 8 5 6 8 2 8 4 6 10 3 6 5 9
Shane 7 2 4 2 2 5 5 5 5 9 3 4 8 5 8 5 5 2 8 5 5 9 7 7 3 5 6 3 5 6 8 1 9 1 9 1 2 6 10 4 6 1 10 2 3 10 5 10 7 7 8 2 10 10 6 5 7 4 6 9
TwoEnglishGirls 2 4 7 4 7 1 4 4 2 2 6 8 7 9 5 3 6 4 10 7 4 10 10 3 10 2 3 1 4 4 3 3 3 6 3 2 2 1 7 1 6 2 5 5 8 10 8 2 7 8 4 8 1 8 8 10 3 5 9 4
Chinatown 4 7 1 7 7 5 2 3 2 8 2 7 6 8 3 6 9 5 4 8 7 6 3 10 1 7 5 1 1 2 9 10 4 3 7 8 8 10 6 1 6 5 3 6 5 6 9 7 6 10 6 8 4 9 3 6 9 3 6 5
VengeanceisMine 4 4 1 8 8 8 3 1 5 2 3 9 3 9 6 6 8 6 10 7 4 7 3 2 8 8 3 8 5 10 8 10 9 4 5 1 3 6 9 4 1 2 4 10 3 3 8 9 7 3 7 6 9 4 3 2 6 4 4 10
TheyWereExpendable 9 4 9 3 3 9 7 2 9 6 2 5 2 8 9 9 9 6 4 6 9 9 7 2 9 2 5 7 3 4 9 2 3 5 8 8 1 10 10 10 4 5 3 5 10 10 1 2 4 6 3 1 8 10 9 2 8 10 7 3
TheUmbrellasofCherbourg 1 3 9 8 6 10 9 2 4 7 3 2 4 6 8 7 8 9 2 3 5 1 2 8 7 8 6 2 2 1 1 5 4 2 5 10 4 4 7 2 5 7 4 6 2 4 9 7 7 3 8 1 3 7 10 2 1 4 9 2
Strike 3 2 10 7 6 6 5 8 1 10 4 8 2 7 9 5 10 2 10 5 10 3 3 7 1 2 10 6 5 9 5 4 7 2 8 3 5 8 8 6 10 5 2 2 10 1 9 9 6 10 6 2 2 2 5 4 9 3 9 2
ZeroforConduct 8 5 8 7 9 8 6 8 6 2 7 9 6 7 5 6 3 1 9 1 4 2 10 3 4 8 3 4 8 7 4 1 2 4 5 9 9 10 7 4 4 1 7 4 8 10 6 9 1 6 3 10 6 4 8 8 9 3 8 1
TheThinBlueLine 9 9 4 5 4 1 1 6 8 5 6 5 9 6 1 10 10 7 5 10 1 1 4 4 5 10 9 9 6 5 5 3 4 2 10 4 8 3 1 5 5 9 3 8 9 1 3 9 4 8 6 3 2 6 6 6 10 10 2 6
TheWildChild 7 4 10 4 10 1 10 3 9 6 2 4 4 8 10 10 3 3 6 10 6 6 3 9 2 9 3 10 9 3 3 4 10 4 3 4 9 10 4 10 5 2 8 1 5 9 1 3 5 10 1 7 2 1 8 10 4 7 7 4
WinterLight 4 10 4 1 8 1 1 4 5 9 2 10 5 1 10 5 4 3 4 6 8 2 9 7 4 1 4 2 7 4 3 10 9 3 4 9 3 3 5 6 4 1 4 5 5 8 6 10 10 8 8 2 2 8 3 9 4 8 10 2
ThePassionofJoanofArc 6 5 7 6 2 1 2 9 1 1 8 2 6 7 4 10 2 10 4 3 3 1 4 1 8 7 5 10 1 8 2 7 3 9 5 2 4 9 5 2 1 1 10 1 10 3 2 8 7 3 5 6 8 1 10 5 1 2 6 5
WeAllLovedEachOtherSoMuch 5 8 10 7 4 3 4 3 2 8 5 4 7 2 1 4 3 6 4 4 4 1 7 1 10 4 5 4 1 8 8 1 10 8 3 10 3 8 6 2 10 5 7 7 6 8 1 5 9 2 10 10 5 1 1 4 8 2 5 8
SilentLight 1 6 10 4 9 1 7 5 6 4 4 7 7 9 9 8 9 5 2 6 8 9 1 7 7 6 2 2 2 4 10 7 8 8 8 2 9 7 7 2 8 9 3 5 2 8 8 5 5 4 10 4 3 3 2 8 8 9 7 7
GraveoftheFireflies 2 8 8 1 7 4 2 7 7 1 9 9 8 7 10 10 7 3 1 1 1 3 9 7 9 8 1 5 8 3 5 5 9 4 1 2 1 1 3 9 3 8 1 9 8 7 10 6 7 2 5 6 6 7 5 4 1 9 8 5
AWomanUndertheInfluence 5 10 2 4 9 9 6 1 10 2 7 2 3 10 1 4 9 7 3 7 10 3 7 6 3 4 4 7 2 4 5 2 7 2 10 8 5 9 5 4 3 7 7 10 5 6 8 1 9 5 6 10 2 3 10 5 5 5 4 4
FatGirl 10 2 10 2 3 10 5 5 4 10 4 2 2 5 9 7 1 5 7 8 10 8 7 8 3 2 10 9 8 10 9 7 7 7 6 6 2 9 8 5 3 3 8 6 4 8 1 3 1 10 10 6 2 7 9 2 1 3 10 1
TheIntruder 1 3 2 9 2 1 3 2 3 6 7 3 8 7 4 6 10 9 5 3 4 6 9 5 2 6 5 8 4 3 2 10 7 3 1 4 9 3 3 1 1 8 4 1 9 1 3 5 7 7 7 10 1 3 5 6 5 1 2 2
InPraiseofLove 3 10 10 4 6 1 7 8 7 1 7 6 1 10 2 1 3 9 9 7 2 4 9 7 8 7 8 1 2 2 5 4 1 9 2 1 10 2 5 10 7 7 6 1 5 4 4 10 7 4 9 7 6 3 5 1 5 10 8 6
LocalHero 5 3 5 2 2 5 2 9 2 3 3 2 6 6 7 3 7 2 1 6 6 9 1 7 8 8 4 4 3 6 1 4 1 8 4 8 2 6 5 9 9 1 6 9 1 10 4 7 5 4 3 3 6 1 8 6 7 1 3 10
Breathless 3 10 2 8 1 6 7 5 4 3 4 4 9 9 4 3 7 9 7 4 8 2 7 8 4 8 3 8 5 3 4 1 10 7 6 3 7 8 8 8 8 6 8 1 10 2 2 4 5 6 3 6 10 4 10 5 10 4 1 4
Pinocchio 3 8 7 7 9 3 9 9 9 5 6 2 8 7 9 1 1 8 7 9 1 9 2 3 6 2 6 9 1 3 10 1 9 1 10 2 2 2 1 3 6 10 9 6 5 10 9 3 6 10 1 7 8 4 2 3 2 3 8 4
RebelWithoutaCause 2 6 6 3 8 4 4 8 2 10 3 6 5 8 7 7 5 7 7 10 1 7 9 2 5 3 5 2 6 7 4 4 4 5 9 3 9 3 6 7 10 2 7 7 8 6 1 1 2 2 2 6 7 10 10 8 7 1 7 10
TheGoodBadandtheUgly 3 2 9 3 2 3 3 1 2 3 8 10 8 4 2 7 3 2 5 7 4 1 4 4 5 7 6 10 4 9 10 9 9 1 8 7 3 6 3 3 8 7 7 8 8 7 3 6 2 3 1 8 2 9 7 10 3 2 1 6
Tootsie 6 3 6 4 8 7 3 4 9 10 8 1 10 1 3 4 8 8 8 4 8 1 8 7 6 1 3 5 1 8 2 7 2 2 8 4 5 1 5 4 4 10 4 9 10 1 3 9 4 9 5 3 9 1 4 6 10 6 3 4
TheQuietMan 9 9 3 6 1 5 6 4 2 7 7 3 1 5 7 8 6 3 5 6 5 8 9 2 4 1 3 1 1 6 6 2 10 9 6 2 5 5 6 6 7 7 6 5 5 4 6 10 4 5 9 3 5 9 2 1 10 8 6 9
Playtime 1 5 5 4 1 8 2 5 5 1 10 10 9 10 2 8 6 3 10 6 10 5 6 4 4 4 4 5 2 4 3 10 1 3 3 2 3 4 5 3 6 6 2 4 8 4 6 8 9 5 3 3 7 3 2 5 4 10 2 5
ATaleoftheWind 1 7 1 8 10 10 1 8 5 2 5 10 10 1 3 9 3 3 3 5 3 1 1 9 8 5 9 4 4 1 5 6 8 4 1 1 10 3 7 8 3 5 7 7 2 6 2 7 5 3 3 1 9 6 10 1 8 1 4 6
CitizenKane 6 1 5 7 9 4 8 10 1 2 3 3 5 4 3 10 10 9 7 3 2 9 5 6 1 3 6 1 5 1 7 4 8 7 5 1 8 6 4 3 10 5 2 4 5 7 3 10 3 3 2 4 3 9 3 8 3 3 10 6
ThePhantomCarriage 3 3 6 4 5 9 5 8 4 4 10 2 8 5 5 5 9 6 6 3 4 9 3 4 9 8 4 4 3 6 3 8 7 7 9 5 8 1 8 10 2 6 3 3 7 10 8 8 6 1 6 10 9 8 7 6 10 10 8 2
TheBridgesofMadisonCounty 7 4 2 10 10 7 3 5 1 3 5 7 1 4 3 2 5 3 9 6 10 1 8 9 4 10 6 2 1 10 9 4 8 2 6 9 10 3 7 4 10 4 5 8 7 4 4 6 2 5 1 9 4 6 8 6 8 1 4 7
YoungFrankenstein 9 9 8 2 3 3 6 7 6 7 4 7 5 10 10 5 3 3 3 1 1 7 10 3 9 4 1 9 1 5 3 1 1 1 9 3 10 6 7 4 9 5 9 1 7 10 2 9 8 2 4 9 4 1 10 3 2 1 9 9
BoogieNights 6 9 2 6 1 8 8 1 2 2 3 9 6 1 3 5 10 7 4 9 4 3 7 9 9 2 4 8 3 9 6 1 3 5 2 8 5 8 3 1 10 9 10 10 5 8 9 10 5 9 5 4 7 1 2 2 4 5 1 8
Casablanca 2 8 7 7 6 7 1 5 2 6 10 2 2 6 2 6 9 3 4 4 3 5 5 1 3 2 10 2 1 10 9 9 9 9 5 5 6 10 8 5 10 5 7 9 9 8 9 5 2 4 2 8 2 5 2 1 1 5 1 7
MemoriesofUnderdevelopment 7 7 1 3 1 1 7 1 4 8 7 5 1 8 7 2 6 10 6 10 3 9 5 8 2 9 10 8 5 4 9 9 3 4 5 10 3 5 5 3 4 6 7 8 9 3 7 8 10 6 10 6 7 1 6 3 8 2 10 8
TheBigSleep 5 6 1 2 1 6 9 5 6 6 10 2 1 6 6 6 6 10 10 1 4 10 3 8 9 8 5 3 1 6 4 7 10 10 5 5 7 3 2 3 2 6 10 1 9 10 8 5 7 4 8 5 9 1 3 9 2 7 1 10
ScenesfromaMarriage 8 6 3 2 8 10 1 7 9 10 1 3 6 5 1 7 9 10 4 3 2 8 5 7 8 5 1 2 10 2 8 2 2 8 2 9 7 8 6 9 10 10 5 4 6 3 6 1 3 4 3 5 5 10 1 3 9 6 3 8
DeepRed 3 10 9 2 7 10 3 7 6 4 9 8 1 9 4 4 6 2 6 2 4 7 4 3 2 8 6 6 2 7 6 7 10 8 5 2 5 10 6 3 7 7 7 9 8 7 7 8 7 5 10 6 8 1 5 4 10 4 10 9
TheSorrowandthePity 5 1 7 8 7 3 1 5 8 8 4 1 1 8 4 9 6 3 10 4 5 5 7 7 10 3 1 1 6 8 8 5 9 1 2 1 8 1 4 7 8 8 9 9 6 6 6 7 7 8 10 4 7 9 10 9 8 8 2 9
AnatomyofaMurder 5 5 10 5 3 5 5 10 7 2 2 2 8 1 6 9 7 7 4 7 9 7 8 4 8 1 7 8 7 4 3 2 3 9 10 4 8 7 8 1 1 4 1 3 3 10 9 7 8 3 7 4 6 2 2 8 6 3 5 6
AAffairtoRemembern 9 6 2 2 10 8 1 10 3 2 9 2 10 6 4 5 2 8 6 1 8 10 2 6 2 1 7 3 10 2 8 7 2 3 10 6 8 7 4 2 3 5 2 5 6 5 2 4 4 9 3 5 10 4 1 9 2 7 8 5
EvilDeadII 5 10 3 7 5 4 3 10 8 5 8 6 9 4 9 9 9 9 3 6 3 4 10 3 3 2 8 2 9 10 4 3 9 6 4 6 5 5 6 1 1 2 2 2 10 1 10 1 7 7 7 1 7 10 9 7 10 1 4 10
MakeWayforTomorrow 7 8 6 4 1 1 6 8 2 7 1 5 9 6 4 4 5 1 6 4 6 6 3 5 7 10 6 4 3 10 10 2 7 4 4 7 3 3 6 5 7 10 4 7 8 4 5 9 2 4 7 7 1 4 2 4 8 6 8 3
OuterSpace 8 1 2 6 10 8 3 10 9 7 5 4 3 3 10 1 9 5 5 4 6 4 2 8 2 7 4 1 10 2 6 10 9 7 8 1 9 1 1 4 4 6 4 2 7 10 10 5 7 7 2 3 7 2 10 1 10 6 4 6
AllThatJazz 7 3 4 6 6 6 1 10 7 4 3 4 10 2 4 10 7 2 2 6 9 8 4 6 9 3 5 8 8 10 9 3 8 5 8 9 9 7 9 6 10 2 9 6 1 2 5 7 9 4 3 2 1 3 7 1 2 1 4 7
Crash 3 10 10 2 10 4 9 1 5 7 9 4 1 5 1 9 3 2 4 1 6 7 5 3 4 5 9 2 5 10 3 1 5 9 1 1 3 9 6 6 6 8 5 6 7 2 2 2 10 6 9 1 4 6 10 7 9 1 4 10
Nosferatu 6 5 9 4 8 10 5 10 6 6 7 10 2 4 5 8 5 3 2 5 1 4 5 6 8 4 10 1 1 2 2 6 5 8 2 1 9 2 5 4 8 9 7 10 3 1 1 10 7 4 9 6 8 8 6 9 6 5 2 2
TheKid 2 6 1 2 2 5 7 8 6 8 1 4 2 2 2 4 3 5 6 10 7 5 8 1 10 6 1 2 8 8 10 2 7 7 6 9 6 9 3 5 1 9 10 9 9 2 5 5 9 3 3 3 6 10 6 1 10 2 4 9
Stagecoach 9 8 8 5 9 6 6 8 1 3 7 4 10 10 1 5 6 8 8 3 2 2 5 2 2 6 1 10 8 9 5 1 8 6 6 1 4 4 5 6 5 5 1 7 6 5 2 8 2 6 6 1 2 3 2 3 4 8 2 8
TheLastTemptationofChrist 6 8 1 5 2 10 3 7 6 3 7 8 2 7 6 3 3 2 8 5 10 10 4 3 4 9 1 2 2 3 9 10 6 10 3 10 1 10 5 8 6 3 1 9 9 6 7 3 2 4 3 7 1 8 9 1 2 7 6 9
NightoftheDemon 6 10 2 8 1 10 2 8 10 8 3 3 9 1 5 9 2 2 9 5 8 6 10 7 1 5 7 5 3 10 1 6 7 10 3 5 8 6 8 2 2 1 6 8 10 7 1 7 6 1 5 4 6 4 10 9 2 6 6 8
InlandEmpire 5 10 4 1 7 1 3 9 6 9 10 8 9 5 4 3 6 2 6 1 5 9 7 6 6 1 5 4 10 4 8 6 5 7 2 6 9 7 9 6 8 2 7 2 7 4 6 8 1 8 6 1 4 7 8 8 4 3 8 8
Ali_FearEatstheSoul 2 1 6 2 6 1 8 2 8 7 1 10 1 10 4 6 2 2 7 8 3 8 1 10 7 5 6 7 7 5 4 1 3 1 3 8 6 2 10 7 10 4 7 6 1 7 3 1 7 7 4 9 7 8 9 5 9 9 5 6
SmilesofaSummerNight 5 2 8 2 3 2 5 9 3 7 4 5 10 4 8 3 4 8 9 10 3 3 5 8 5 4 2 4 6 3 10 2 10 4 1 2 10 4 3 1 7 1 9 6 9 2 10 9 1 10 1 5 8 2 6 6 10 1 5 2
TheDiscreetCharmoftheBourgeoisie 8 9 9 10 9 10 5 9 6 2 6 2 8 1 4 1 1 4 3 9 3 6 3 5 10 4 6 10 8 4 5 7 2 9 9 8 6 1 3 4 6 4 5 6 7 2 10 1 3 9 1 2 4 2 10 9 5 9 9 2
TheShining 7 3 3 6 7 10 8 7 3 7 2 9 6 2 8 3 2 7 3 8 4 1 9 2 1 5 5 3 8 1 2 5 6 4 2 1 2 5 10 2 4 7 1 3 7 3 2 2 6 10 5 2 7 3 10 3 8 7 1 7
MotherIndia 10 6 9 8 2 1 8 5 1 7 5 9 3 2 9 10 6 5 4 9 2 7 7 6 4 2 7 8 9 6 4 6 6 10 6 4 5 9 7 2 6 10 7 2 6 2 10 3 10 4 6 3 8 7 10 9 1 6 10 9
TheLifeandDeathofColonelBlimp 5 10 10 5 1 6 9 9 4 1 3 1 7 1 6 5 9 5 2 1 3 4 8 7 7 5 3 1 6 3 6 9 10 5 8 10 10 6 10 9 6 10 7 1 6 2 8 4 9 2 3 10 6 1 2 5 6 6 6 3
IAmCuba 1 9 1 4 7 3 9 7 5 1 1 7 3 2 10 9 2 8 1 4 5 3 8 1 9 5 9 10 2 6 3 5 10 4 4 3 2 9 1 10 2 7 6 8 3 7 1 10 3 8 8 6 8 6 10 4 4 4 3 10
EternalSunshineoftheSpotlessMind 6 10 2 4 9 4 7 5 7 7 6 3 6 10 8 6 4 10 6 10 4 4 1 1 9 5 4 8 8 5 1 2 9 8 8 5 4 3 7 5 6 2 7 4 7 9 3 9 7 8 7 6 5 9 6 6 2 2 9 3
