Crash 6 9 3 9 6 4 6 7 4 7 3 1 8 3 7 10 4 2 4 7 5 9 4 7 1 9 9 7 5 6 4 2 5 6 5 5 9 2 8 6 7 1 6 6 9 5 2 9 7 1 1 6 7 6 10 2 2 2 2 5
TouchezpasauGrisbi 7 10 8 2 7 1 2 4 8 1 3 5 4 1 7 1 8 3 9 4 8 3 7 3 9 10 4 6 3 5 2 2 1 9 2 7 10 2 8 3 4 9 6 2 4 4 7 8 3 4 10 1 2 8 4 8 10 5 4 3
TheParty 7 3 6 9 6 1 1 4 8 7 9 6 1 8 2 1 5 9 7 7 7 4 6 2 10 1 3 9 2 9 9 3 5 7 6 9 7 9 10 10 5 1 6 10 2 8 2 9 5 8 3 9 1 3 1 8 3 9 8 3
DeadRingers 9 10 4 2 9 4 5 4 5 5 9 10 5 10 6 10 1 9 6 10 3 10 1 7 2 7 7 4 10 10 2 8 9 10 3 1 10 9 5 4 3 5 7 7 10 8 4 4 1 4 6 9 9 9 2 1 3 7 6 1
Diary 5 2 2 8 6 2 8 3 2 2 10 1 3 9 7 10 9 8 8 5 3 6 9 9 2 6 1 8 4 5 2 3 4 2 10 10 9 6 10 4 1 10 2 10 7 1 1 1 7 9 3 3 9 8 7 4 8 8 7 3
MadMax_FuryRoad 7 4 9 2 6 4 6 4 10 9 5 8 9 1 1 1 9 4 4 5 8 6 7 6 1 5 8 7 5 4 7 8 2 9 4 5 5 10 7 10 1 7 7 4 9 9 10 6 5 4 9 1 5 9 1 7 9 10 2 9
TropicalMalady 7 6 4 5 9 8 3 2 2 2 1 8 10 8 2 7 3 10 7 5 3 7 4 1 3 1 6 10 5 4 10 9 8 9 8 1 9 8 3 8 7 2 4 3 4 5 1 6 4 9 4 10 2 4 3 2 5 10 9 8
TwoorThreeThingsIKnowAboutHer 6 8 5 2 10 5 8 4 7 8 5 9 9 3 2 1 1 3 5 5 9 9 4 2 6 1 7 8 2 8 9 7 1 4 2 9 9 2 7 3 2 9 3 6 7 6 3 8 2 8 3 4 1 3 3 4 10 1 2 1
Psycho 8 9 8 2 7 9 1 4 8 7 9 5 6 1 2 8 4 9 7 8 6 4 9 3 7 3 3 3 6 3 1 9 2 5 6 9 3 2 5 10 10 8 1 3 9 5 7 10 2 2 3 8 6 2 7 8 4 10 5 6
TheChronicleofAnnaMagdalenaBach 5 7 1 8 2 1 2 10 9 3 3 3 1 1 5 9 4 5 2 2 1 2 8 7 7 4 2 9 4 4 1 10 6 6 4 8 5 4 3 1 8 4 7 8 4 6 4 9 8 5 8 1 5 6 8 8 2 3 3 9
NightoftheDemon 10 5 3 1 2 6 8 1 6 2 7 6 6 4 8 2 9 10 7 6 5 9 5 3 4 3 10 9 8 3 4 8 9 5 2 7 7 10 7 3 8 7 8 9 9 7 2 7 2 7 1 3 5 9 8 7 4 3 7 8
ColossalYouth 6 6 9 5 5 10 3 4 3 3 4 3 2 2 5 6 9 9 9 1 6 2 2 1 7 4 7 5 3 3 3 2 10 9 6 5 7 5 10 2 2 10 5 7 5 4 10 10 5 3 2 5 8 5 10 1 2 1 2 2
TheSilence 1 7 1 7 4 1 8 5 2 5 9 5 10 6 5 5 2 9 7 1 6 6 3 6 6 3 8 1 10 8 3 2 1 2 6 5 7 5 1 2 4 6 7 9 10 5 2 4 2 2 4 10 4 6 9 6 2 2 6 5
TheWindWillCarryUs 1 9 9 8 8 7 8 5 2 10 6 8 8 9 5 5 1 6 5 7 2 10 8 9 5 7 1 5 10 10 5 7 8 8 6 5 7 9 8 9 6 1 5 7 8 10 3 6 3 4 4 7 10 5 1 4 4 6 6 6
Rififi 3 4 3 6 1 6 9 3 9 4 9 8 7 10 5 10 9 10 2 10 6 6 5 6 5 6 6 4 8 8 2 4 6 9 5 6 6 5 3 5 9 3 9 9 2 7 9 4 7 1 3 9 1 4 4 6 2 3 2 4
HowGreenWasMyValley 9 7 6 2 1 1 3 10 8 4 5 5 5 5 7 10 10 6 9 2 1 9 10 3 4 3 6 6 7 2 7 9 8 2 2 6 10 8 3 3 8 4 5 10 3 9 4 4 8 5 7 3 10 5 10 2 7 2 7 6
Metropolis 2 2 1 5 9 4 3 6 6 6 2 5 4 9 5 4 9 4 10 2 10 7 2 7 6 1 3 8 1 1 4 3 2 10 7 7 10 1 5 5 3 6 2 3 7 5 1 8 6 3 4 10 3 2 9 1 7 6 7 10
Notorious 8 2 10 6 2 4 8 8 5 9 6 2 2 3 3 4 2 6 4 8 4 9 10 8 6 3 2 9 4 2 1 1 1 6 9 3 3 6 10 5 1 10 2 9 10 3 5 5 3 1 9 9 9 9 10 8 4 7 6 6
TasteofCherry 8 9 9 7 8 7 8 8 2 4 7 5 1 8 9 8 4 6 10 5 6 3 10 5 8 3 10 6 10 4 9 4 8 2 7 2 4 4 1 4 1 7 6 4 3 7 1 1 8 7 3 5 10 9 2 10 8 2 2 7
Daisies 10 10 5 5 6 2 9 10 4 2 4 1 9 4 1 5 10 5 10 9 2 8 4 5 2 1 5 7 10 1 3 2 6 7 5 1 9 1 3 6 1 9 5 2 5 6 10 4 2 1 8 6 1 10 10 9 8 3 5 9
TheAgeoftheEarth 1 1 5 10 10 9 10 8 7 9 3 6 5 9 7 8 4 9 3 6 4 6 5 10 10 9 5 5 2 7 2 10 8 2 8 2 7 3 10 5 10 4 10 1 3 3 2 3 8 7 2 9 6 6 6 4 4 2 7 3
DawnoftheDead 9 9 1 8 1 9 7 10 8 6 8 8 4 5 7 5 10 3 7 8 1 8 2 10 3 3 10 1 2 7 7 10 4 6 9 3 6 7 10 7 8 2 2 1 4 3 3 7 8 4 7 5 10 6 4 6 5 6 9 10
2001_ASpaceOdyssey 3 4 2 7 5 7 6 8 8 2 9 2 2 2 7 4 7 4 1 3 5 7 3 6 5 2 3 4 2 5 5 5 9 9 3 9 6 10 8 9 9 3 2 3 8 10 7 7 10 8 2 5 6 10 8 10 4 6 2 3
TaleofTales 4 6 6 4 6 4 9 9 6 7 7 6 5 7 10 3 1 6 2 3 9 8 9 2 8 5 1 1 2 1 8 1 5 7 8 5 4 1 2 2 2 5 1 10 5 9 2 3 9 2 6 2 7 1 9 3 8 1 1 7
Z 10 7 10 8 3 5 5 1 4 6 2 5 6 8 4 7 7 3 7 4 10 4 1 1 10 2 10 4 6 5 5 5 5 10 2 3 10 4 5 5 3 5 6 8 10 3 10 8 5 9 2 5 3 3 5 6 7 2 6 1
TheAdventuresofPrinceAchmed 5 9 4 1 7 10 5 7 6 8 6 8 10 4 4 3 5 8 7 6 8 8 6 8 4 5 9 9 2 7 7 9 7 3 10 7 1 3 9 5 2 5 5 1 1 10 2 2 4 10 9 8 7 1 9 6 6 3 7 2
TheEmpireStrikesBack 9 5 3 8 6 1 2 6 5 10 6 8 2 10 2 4 8 8 8 7 8 8 1 2 7 1 9 2 3 6 3 3 10 4 4 10 5 9 8 1 1 4 4 9 4 2 7 10 1 2 5 1 10 8 7 1 1 3 10 1
Passion 2 9 2 8 3 9 8 1 9 2 8 2 6 8 7 3 5 10 4 2 9 9 5 2 1 4 1 9 4 4 6 7 2 2 10 2 10 8 2 5 9 10 8 10 1 5 7 8 7 10 3 6 4 5 9 2 6 9 1 3
Rebecca 10 3 10 4 5 8 6 9 9 7 4 1 6 8 9 10 2 2 5 1 6 6 4 9 2 1 3 9 6 2 9 3 3 10 5 10 7 7 5 8 7 10 2 4 9 8 7 3 6 5 8 2 2 2 9 1 3 10 2 5
Superman 1 10 8 3 9 9 10 5 3 3 8 7 7 3 4 8 4 10 1 1 3 5 3 9 10 1 10 4 10 2 2 6 8 7 9 2 6 7 6 1 9 9 4 7 10 6 10 1 9 3 1 8 5 4 9 2 3 9 2 3
Spione 6 9 10 4 10 7 1 10 1 7 8 1 6 2 10 2 7 8 1 5 8 7 4 5 7 8 10 1 2 9 6 3 1 10 3 8 9 10 10 1 1 6 1 5 4 9 5 1 3 8 2 3 7 1 10 6 9 10 6 7
IntheRealmoftheSenses 5 6 10 4 6 7 9 2 10 9 10 2 9 7 7 2 1 9 3 4 8 8 8 9 7 8 3 7 9 10 9 1 2 9 7 3 10 8 9 9 6 4 7 9 8 6 4 9 2 8 2 8 8 7 9 8 4 2 10 4
MillionDollarBaby 8 4 8 4 7 3 9 7 1 4 1 10 2 2 4 8 2 1 3 4 7 9 7 8 9 8 8 4 3 3 2 6 5 9 2 1 6 4 9 3 7 5 5 9 6 2 8 3 7 10 5 9 5 10 7 9 9 5 6 5
Paisan 5 9 7 5 7 4 5 5 1 10 7 9 6 4 7 4 9 3 5 7 6 9 3 10 4 10 9 4 7 1 5 5 4 2 6 1 3 4 1 2 9 1 6 1 4 2 2 8 8 2 7 10 1 8 1 4 1 1 7 8
Ali_FearEatstheSoul 10 7 6 10 8 10 10 10 3 8 2 8 5 10 6 8 9 9 5 2 6 4 6 9 8 9 2 7 10 4 5 3 5 10 1 3 2 8 1 5 6 5 1 6 6 7 2 1 9 1 8 4 2 7 3 6 6 3 9 9
Bambi 3 4 6 10 4 7 3 3 8 7 7 8 1 10 8 10 8 10 7 6 8 4 1 8 3 4 10 10 5 7 5 8 10 4 8 2 8 8 10 6 10 10 7 10 2 8 3 6 9 8 5 5 10 3 2 6 7 5 4 3
Nostalghia 4 10 3 1 10 5 9 9 8 2 2 10 10 10 8 10 1 10 2 6 4 3 1 6 8 10 9 3 4 8 5 4 2 6 10 8 9 9 9 1 3 3 6 5 2 8 4 7 6 9 9 6 8 2 3 5 10 4 5 4
PointBreak 2 4 6 3 4 8 9 2 3 2 9 2 10 1 4 10 3 4 10 7 9 6 5 6 8 9 5 8 8 5 1 4 8 5 8 2 3 9 1 7 6 4 8 1 2 10 8 1 6 7 9 8 8 5 9 10 4 2 9 6
BlazingSaddles 3 6 6 3 7 1 5 5 7 9 9 4 1 3 2 1 4 10 8 10 7 2 7 6 4 1 5 9 6 6 4 2 8 5 1 10 1 1 8 3 2 4 9 2 1 8 10 7 7 2 9 4 4 3 1 6 5 8 2 7
Intolerance 3 8 7 3 5 7 5 1 1 10 1 8 7 9 10 2 7 10 9 9 10 7 9 9 10 2 2 8 6 9 6 10 9 4 4 8 3 4 3 3 9 1 10 5 2 1 3 5 4 10 2 8 8 3 4 2 9 4 8 8
TheAsphaltJungle 9 8 4 6 5 3 3 6 7 6 8 8 2 4 3 1 1 3 8 7 1 7 10 4 7 5 7 3 1 3 7 3 7 7 2 4 2 6 10 9 6 5 9 4 1 4 3 5 7 8 9 5 3 7 9 8 3 4 6 8
Berlin_SymphonyofaGreatCity 3 1 6 3 10 4 10 6 1 1 1 8 7 8 7 7 9 7 3 5 5 9 4 8 2 3 3 8 10 7 9 2 10 4 5 7 8 10 3 6 9 4 4 7 5 5 3 3 2 9 5 2 10 7 2 8 10 5 3 1
DustintheWind 6 2 3 6 8 7 8 2 7 2 10 1 7 5 9 3 5 1 4 6 4 4 1 3 9 2 5 3 1 8 2 4 8 3 5 6 8 3 7 7 8 6 1 8 8 4 7 9 9 7 3 5 5 4 6 2 6 7 8 7
FloatingWeeds 6 3 3 6 5 10 5 2 4 1 7 8 7 4 10 10 5 1 1 1 7 5 10 8 3 9 2 8 9 3 7 6 1 6 2 1 2 1 8 4 5 3 2 3 2 2 4 2 1 9 3 9 3 3 5 9 2 10 5 4
TheGrapesofWrath 5 4 5 1 8 10 2 5 3 10 5 4 9 8 10 8 9 5 10 3 7 5 2 3 6 7 1 8 8 4 5 3 6 7 2 5 7 10 5 7 4 4 7 2 5 5 10 8 4 4 1 7 9 6 8 3 1 4 3 9
OntheTown 7 1 9 8 1 7 2 6 4 4 7 2 7 8 2 9 6 9 6 5 7 2 5 3 3 5 7 8 10 5 2 4 7 9 1 6 7 10 9 8 10 9 9 6 6 5 3 7 10 1 5 10 9 4 4 4 3 6 3 4
TheManWhoShotLibertyValance 5 6 10 8 7 1 4 10 2 2 10 1 2 8 5 1 3 2 6 8 9 10 6 2 6 9 8 7 2 5 9 8 10 8 4 6 6 8 1 7 3 4 9 7 1 8 3 9 3 5 7 1 5 7 8 5 5 4 7 10
PulpFiction 8 3 1 3 8 1 2 5 6 9 6 3 6 1 9 7 9 4 5 3 2 5 4 4 7 8 4 5 7 1 9 7 9 3 8 7 6 3 2 6 8 10 9 6 10 3 1 1 6 1 6 7 7 6 6 9 4 1 9 8
LetterfromanUnknownWoman 10 1 4 3 5 10 8 5 3 3 8 6 3 2 8 10 2 2 3 10 5 5 6 8 3 5 8 8 10 5 1 10 3 3 9 8 9 9 4 6 7 3 2 8 6 3 9 10 4 10 3 2 7 7 6 8 2 4 8 5
TheCrowd 1 10 7 3 9 4 9 6 6 7 1 9 7 9 6 8 7 4 10 6 1 6 8 7 9 3 7 9 7 10 1 8 4 3 10 7 5 1 10 5 5 3 3 4 7 8 3 10 7 7 9 4 6 2 4 4 1 7 4 3
SilentLight 4 6 6 9 5 2 7 6 9 10 9 5 10 2 3 5 2 3 9 5 8 9 2 2 10 7 3 9 8 9 4 2 5 4 3 10 6 1 9 1 10 10 8 5 9 2 2 5 8 2 1 6 5 7 1 4 2 6 1 3
TaipeiStory 10 6 1 8 5 8 5 4 3 10 5 10 3 6 10 2 7 4 9 1 2 3 8 2 3 9 10 8 6 10 2 9 10 2 10 2 5 3 9 4 4 2 2 3 8 9 1 9 3 1 9 2 3 5 1 4 7 8 8 10
OpeningNight 1 5 1 9 5 7 4 6 2 2 5 9 5 3 7 9 7 10 2 2 9 4 1 8 4 1 8 8 4 2 4 4 1 9 5 10 4 9 9 5 10 9 10 10 6 4 9 6 10 4 4 4 9 1 8 2 1 10 1 7
The47Ronin 3 3 2 10 2 10 5 6 6 1 4 7 8 3 7 1 9 7 5 2 4 3 3 9 5 10 6 2 5 4 1 5 3 2 7 3 4 6 1 2 3 6 4 6 6 1 5 5 3 10 9 1 2 8 1 1 5 8 6 6
JulesetJim 5 10 4 3 9 3 4 9 7 3 7 4 3 4 2 9 6 7 9 8 4 6 3 2 5 2 5 7 4 8 2 5 9 8 4 9 6 6 2 6 4 6 2 5 1 7 8 1 9 6 2 2 3 3 3 10 3 9 8 6
BerlinAlexanderplatz 3 10 9 8 6 5 9 2 2 5 4 3 8 5 3 8 6 7 9 9 7 10 9 7 9 2 9 1 10 9 4 5 9 8 9 6 7 2 9 3 8 4 9 2 5 9 6 4 5 1 3 9 3 3 3 3 9 9 3 6
NightoftheLivingDead 7 6 5 8 9 1 5 4 1 9 6 8 4 4 9 6 2 2 5 4 7 2 10 3 9 10 1 5 10 10 6 1 6 6 4 8 8 5 3 10 3 3 7 1 3 3 10 6 8 8 8 6 10 6 9 1 2 3 4 5
PatGarrettandBillytheKid 3 5 6 1 9 6 9 3 10 4 3 10 3 2 8 4 9 2 6 6 8 1 7 1 6 1 2 6 3 7 4 4 2 6 4 1 10 1 1 6 4 6 8 9 6 3 5 5 9 10 7 8 9 7 9 8 1 10 2 10
Earth 8 9 10 2 3 5 1 10 8 2 6 9 4 5 1 1 9 4 6 8 10 7 2 6 9 4 8 1 10 7 5 8 6 5 8 2 2 4 7 1 8 1 5 1 2 3 3 9 8 4 2 5 2 9 8 3 5 7 2 4
SplendorintheGrass 9 1 5 10 2 2 2 1 10 3 9 2 1 5 7 2 2 7 5 2 6 4 7 2 10 10 4 6 10 4 6 4 5 2 1 3 5 4 7 5 2 2 3 4 7 10 9 1 7 4 6 6 10 8 5 7 10 1 1 2
WagonMaster 7 8 10 7 7 8 4 8 10 7 5 8 3 2 5 9 2 8 6 8 3 7 1 3 10 3 6 1 4 8 1 10 1 2 5 3 10 5 1 10 3 4 8 8 3 8 3 2 7 5 6 10 4 10 7 9 6 10 4 5
Alien 9 5 2 10 7 10 2 4 6 6 9 6 5 1 4 5 9 5 7 1 5 5 7 10 10 8 5 1 8 1 4 6 6 1 10 7 4 2 6 3 4 10 9 5 1 9 3 6 5 6 1 8 8 9 9 4 5 6 5 4
ChungkingExpress 1 8 9 6 2 2 2 3 6 4 7 2 6 6 9 6 2 5 6 6 3 5 6 1 1 8 10 1 1 1 5 8 8 9 4 8 10 1 4 3 9 5 6 8 3 1 4 9 9 7 7 8 9 6 3 9 3 10 7 1
SyndromesandaCentury 9 10 9 7 3 1 2 4 10 4 10 7 4 2 4 9 6 4 3 10 8 9 9 5 7 10 4 8 6 7 4 3 1 6 10 10 3 6 8 6 1 6 1 4 5 2 1 7 2 1 7 5 3 10 3 6 4 1 6 7
DeathinVenice 8 4 1 10 2 6 6 8 10 7 8 7 3 3 6 1 10 9 3 10 3 6 9 5 4 4 4 7 7 4 8 8 7 3 4 2 3 2 9 1 1 10 6 4 3 5 7 7 9 10 3 4 3 3 10 9 2 7 6 5
ToLive 10 4 8 5 4 1 4 7 8 1 9 6 2 3 9 4 2 10 10 10 2 10 8 10 9 1 9 8 2 8 9 4 1 4 7 1 8 10 5 3 5 2 10 9 2 9 7 10 8 4 7 3 1 1 10 8 1 4 2 6
TheLadyEve 3 10 1 9 4 7 9 7 10 6 8 9 10 5 7 8 2 1 8 1 6 3 10 10 4 7 5 7 3 3 5 4 3 2 9 4 1 6 4 1 2 10 10 3 4 5 9 8 2 6 10 5 10 8 10 6 1 3 4 2
DogStarMan 2 5 3 9 8 8 6 5 9 3 6 6 2 10 1 7 7 3 1 7 2 7 10 1 10 2 1 2 10 4 9 3 8 5 5 5 5 6 8 7 10 4 1 2 10 4 7 1 7 8 1 10 10 9 7 3 9 6 3 10
TheHustler 5 2 2 4 1 2 5 1 10 6 10 3 1 1 5 4 7 4 8 4 9 5 2 7 9 6 9 4 10 9 1 1 4 6 1 9 3 6 10 5 2 4 10 8 7 6 5 4 4 5 6 6 7 4 7 8 5 7 5 2
AManEscaped 8 5 1 1 2 4 6 10 2 3 1 7 4 8 3 5 5 8 9 6 8 7 6 2 6 9 7 6 10 7 8 9 4 10 3 3 7 5 8 9 5 7 3 10 8 10 10 5 10 6 1 1 10 5 5 1 5 6 4 3
WhiteHeat 5 9 6 2 2 6 10 1 2 10 5 2 2 10 1 3 4 4 10 6 10 6 10 5 5 5 7 9 3 5 7 7 8 9 2 5 2 9 5 9 7 5 6 2 2 7 8 1 6 1 8 9 6 2 9 4 5 9 4 9
DersuUzala 10 3 2 6 2 4 6 9 6 3 4 1 6 7 6 9 10 5 6 9 7 5 9 2 8 7 6 6 6 3 9 4 10 1 10 4 5 3 10 9 1 10 8 1 3 2 9 2 7 4 9 10 2 8 7 8 10 9 3 9
ATouchofZen 5 6 4 10 10 3 10 7 2 2 6 6 9 4 9 3 8 1 10 10 3 3 3 6 9 7 7 1 8 9 3 5 6 8 10 7 8 6 3 5 6 4 4 7 7 2 6 9 5 7 9 5 4 10 8 4 10 2 10 6
BonnieandClyde 7 8 1 5 10 4 2 5 1 2 5 2 1 7 6 6 2 1 6 10 1 1 2 2 4 4 2 3 2 2 10 8 9 4 5 2 5 1 3 2 2 7 10 5 10 8 3 3 7 5 2 6 9 9 6 4 3 10 1 1
TheBalladofNarayama 3 6 8 2 2 4 3 3 6 6 9 2 7 8 6 7 2 3 10 8 3 2 1 5 6 6 1 2 7 6 8 1 10 1 8 7 7 3 5 2 7 4 7 6 4 3 1 10 10 10 4 7 5 8 3 4 6 10 9 6
Stroszek 6 9 1 7 9 3 5 1 9 7 4 2 7 4 3 1 9 5 1 2 8 2 6 3 9 2 6 3 2 9 4 5 2 10 10 8 7 1 2 4 9 8 6 5 6 2 9 1 10 10 4 10 6 9 10 6 1 2 2 5
FiveEasyPieces 5 10 7 8 10 2 3 2 8 5 9 8 3 10 2 6 1 9 3 4 5 4 4 8 8 7 1 6 10 2 4 8 5 8 3 1 9 3 4 7 1 6 6 6 6 3 2 7 3 10 6 9 1 6 4 1 2 1 8 6
TheMarriageofMariaBraun 6 10 4 10 1 4 4 9 8 2 2 4 8 3 5 1 5 2 8 8 6 9 4 1 6 9 9 1 7 9 4 7 3 6 1 10 7 2 5 4 4 4 10 2 4 10 10 8 1 5 9 9 7 1 2 10 9 1 3 8
M 6 10 5 2 5 6 7 3 3 5 2 7 5 10 3 6 1 5 9 9 7 7 9 6 3 2 2 2 3 6 4 5 6 6 7 10 10 5 5 1 7 1 2 3 2 8 5 4 5 2 1 3 9 8 3 9 7 8 4 3
Ten 4 6 3 6 8 10 7 2 4 7 2 9 9 3 10 4 2 10 1 5 9 1 6 1 3 4 8 1 7 2 9 1 5 7 1 10 6 7 3 2 2 5 4 1 6 5 10 2 6 1 2 1 10 2 9 7 10 7 9 1
TheIntruder 9 8 3 2 10 8 3 1 6 4 7 8 1 6 7 9 7 9 2 7 2 3 1 10 1 8 8 5 2 4 9 6 7 6 5 4 4 8 1 6 1 5 1 2 6 5 6 7 3 2 1 2 8 5 7 3 7 6 1 7
The400Blows 8 3 8 2 7 8 8 1 2 4 10 3 8 6 3 3 3 4 10 2 7 6 10 6 10 8 7 3 6 10 5 2 8 9 4 1 9 9 5 3 4 9 10 9 6 8 3 6 5 4 8 3 8 7 4 2 5 4 5 2
NewsfromHome 2 3 4 8 5 8 9 8 3 3 9 5 8 1 9 2 2 10 5 5 3 6 2 5 4 2 8 3 3 4 1 4 1 4 7 10 3 10 9 10 3 9 1 1 1 5 8 1 2 6 3 5 3 4 7 6 1 3 10 7
Trainspotting 3 7 6 5 8 10 3 9 10 2 3 1 6 10 10 1 3 4 2 8 4 6 10 6 8 10 10 2 2 6 5 10 7 8 3 7 6 10 7 8 5 9 4 1 2 4 6 10 8 8 8 8 9 6 4 5 7 7 7 8
BartonFink 10 10 4 7 1 9 9 3 2 1 8 1 8 7 6 3 9 10 10 7 9 9 9 7 7 3 4 6 6 7 3 2 6 9 9 2 2 1 6 5 4 8 4 8 5 3 9 3 10 3 5 1 7 1 10 7 10 1 6 7
Dumbo 3 5 6 5 1 7 8 7 1 5 7 5 5 6 10 4 7 9 8 9 10 7 1 2 8 7 10 9 8 8 8 8 5 9 4 7 6 4 10 7 7 10 7 4 10 6 5 8 5 7 1 1 2 8 2 5 6 10 7 7
Se7en 9 5 6 8 2 9 3 8 2 5 3 9 4 3 10 5 2 2 9 7 10 1 9 7 6 9 5 10 10 10 1 6 8 7 6 10 7 4 7 3 6 5 2 9 4 2 7 8 1 5 2 7 4 8 9 6 10 1 7 5
Senso 2 10 4 7 4 7 4 9 4 3 5 5 2 4 2 8 7 2 8 3 2 8 9 9 5 7 6 6 5 2 8 6 6 1 8 10 10 5 6 3 6 9 1 9 1 6 1 9 10 1 10 5 8 1 2 2 1 3 9 3
Magnolia 3 7 10 7 1 10 3 10 9 7 7 5 9 9 10 7 4 3 8 2 4 3 10 6 4 4 2 8 2 8 9 1 2 6 3 3 2 10 6 4 10 6 6 6 3 3 6 10 4 7 3 6 8 4 5 8 10 8 7 10
Stagecoach 6 4 5 10 5 2 7 6 8 5 4 6 1 6 4 6 1 9 3 9 4 2 10 3 7 5 3 10 4 7 7 6 7 9 7 4 8 8 5 10 4 4 9 7 5 7 2 6 3 9 3 9 2 9 1 10 2 8 8 3
PatherPanchali 2 5 3 3 1 3 6 5 8 3 10 10 9 1 4 7 2 2 6 1 7 2 4 1 2 9 1 2 4 10 4 6 3 8 4 8 10 3 6 8 8 8 2 5 7 4 10 4 6 1 1 8 4 10 8 10 7 10 3 8
ToKillaMockingbird 7 2 4 3 7 4 9 3 9 10 4 1 5 9 5 9 3 2 2 3 5 2 10 2 2 8 6 6 9 7 10 4 1 3 1 5 3 9 1 1 8 10 3 10 7 10 8 2 2 1 3 1 8 10 8 6 5 4 5 6
ChimesatMidnight 4 10 4 3 1 3 9 10 1 10 6 2 4 2 4 5 7 7 9 3 2 10 1 6 7 1 2 10 3 2 8 5 1 5 10 2 2 5 1 6 5 2 4 2 6 8 6 4 8 8 10 9 4 10 7 2 2 7 10 7
TheGoldenCoach 3 4 9 2 9 10 2 4 8 2 10 6 1 8 6 6 3 4 8 7 4 6 4 5 6 1 3 6 5 9 5 10 5 10 4 3 2 5 2 2 5 6 8 1 7 2 2 5 8 2 10 3 7 8 7 3 5 6 5 8
StrangerThanParadise 8 2 2 7 9 8 7 4 8 9 2 10 2 3 9 6 10 10 10 10 10 1 8 9 10 2 3 9 5 7 6 10 3 6 1 5 8 3 6 6 4 8 3 6 2 7 3 7 10 4 4 1 8 9 3 7 10 3 1 6
MildredPierce 2 1 6 10 5 10 2 2 6 7 10 1 4 4 1 1 6 5 6 1 1 9 10 2 4 6 7 8 5 3 6 1 2 2 6 2 7 3 6 9 2 6 7 10 1 7 2 1 9 9 9 8 5 9 10 3 6 1 7 2
DotheRightThing 5 5 1 6 7 10 8 9 2 8 9 5 6 8 1 6 5 3 5 1 8 3 6 3 4 10 7 6 4 3 6 9 8 10 9 8 1 1 9 7 6 4 3 9 1 8 5 5 8 5 8 7 4 2 2 8 8 5 7 5
FunnyGames 6 10 8 9 10 3 9 1 3 7 5 5 8 3 10 4 10 4 2 9 4 3 3 7 6 10 6 8 4 10 7 10 4 7 2 8 4 7 10 10 9 6 4 3 9 7 5 5 6 5 1 10 4 6 1 7 10 7 7 2
TheColourofPomegranate 7 7 9 7 6 5 3 10 7 5 5 5 6 6 10 10 8 10 8 2 6 8 5 4 8 3 10 7 9 5 3 6 8 5 5 9 9 4 1 10 4 10 10 6 10 2 5 1 7 9 2 1 9 5 9 9 5 5 10 3
EyesWithoutaFace 10 2 1 9 6 2 7 3 2 7 9 1 6 2 4 3 3 7 9 8 9 3 5 8 5 5 5 7 10 7 4 1 2 2 1 2 8 2 10 10 4 10 6 4 7 8 5 1 8 5 7 5 4 10 9 7 3 9 2 7
