TheSweetHereafter 2 6 1 8 5 5 9 2 10 8 10 2 7 5 4 9 7 2 4 7 7 8 10 5 1 2 5 3 3 8 2 4 8 10 5 8 2 8 1 10 1 6 6 6 1 1 7 1 1 4 10 6 5 2 9 4 7 5 10 6 9 1 3 2 7 5 9 6 4 4 9 7 2 4 6 6 3 5 8 1 2 9 5 4 4 10 4 6 3 5 5 10 1 8 1 1 8 8 8 10 7 7 2 6 5 7 2 6 6 5 3 3 8 2 10 9 10 1 10 4
SweetSmellofSuccess 2 2 6 1 8 4 7 10 8 6 8 3 2 9 9 9 4 8 7 8 2 8 7 6 10 1 2 7 7 1 2 10 8 5 1 4 9 8 6 1 4 9 5 1 2 3 2 5 9 6 9 8 4 7 6 6 9 4 9 1 5 6 10 7 9 3 6 4 4 6 8 8 4 3 4 10 6 3 5 3 4 7 8 2 6 6 3 4 6 3 7 8 4 10 3 5 6 8 6 4 4 8 8 2 2 7 9 1 9 6 1 8 4 9 6 4 6 7 4 9
PatGarrettandBillytheKid 7 1 5 3 4 5 10 4 4 2 8 7 9 1 1 7 4 5 3 7 1 4 5 10 9 1 2 3 4 10 6 5 7 3 9 7 2 2 9 2 5 2 3 9 8 2 2 1 1 10 3 3 6 6 9 9 9 10 4 7 7 2 9 8 4 1 4 3 7 3 9 10 5 1 7 1 4 4 3 4 7 1 6 2 9 5 9 3 9 2 6 1 7 5 9 3 8 2 4 4 8 8 10 10 7 10 9 4 7 8 1 8 4 2 1 2 5 1 8 6
WagonMaster 10 8 2 1 4 9 3 5 8 8 7 6 1 6 10 2 7 5 9 9 6 9 1 8 6 5 10 10 2 3 8 6 10 8 2 3 1 3 1 1 1 9 9 4 3 7 7 8 8 1 10 4 4 2 6 6 4 6 10 2 6 3 8 8 7 9 1 2 8 10 2 3 4 5 2 2 4 3 10 8 3 8 6 7 3 8 8 9 6 4 4 5 6 6 10 8 6 6 9 5 8 10 5 4 4 1 1 4 2 3 7 1 6 7 8 2 2 7 2 4
IntheRealmoftheSenses 5 10 7 9 3 8 10 7 3 6 9 6 4 3 2 3 5 9 5 7 9 5 5 8 5 3 4 4 10 4 8 8 1 3 5 7 9 6 8 6 10 9 8 8 7 7 8 10 9 5 2 2 8 4 2 6 8 1 5 1 5 2 2 7 8 3 9 10 9 4 5 2 3 10 7 3 9 9 2 3 4 1 3 7 7 8 8 9 8 3 10 10 5 4 3 1 6 8 6 2 9 9 1 6 6 1 5 10 3 9 5 1 10 1 9 10 2 5 7 4
ElevatortotheGallows 4 4 4 4 10 8 5 5 2 9 3 2 6 9 5 10 1 2 4 2 10 1 5 2 2 7 8 6 2 9 10 1 7 10 1 10 3 3 1 3 8 4 3 7 2 10 7 3 1 9 10 8 1 10 9 10 2 8 2 2 6 1 6 1 5 10 9 5 8 2 2 8 5 7 7 6 4 10 8 4 6 1 2 9 8 5 6 1 10 10 9 3 8 10 8 4 4 8 4 3 5 7 1 4 6 2 2 10 7 1 9 4 3 4 5 9 2 1 3 8
TheNightoftheHunter 7 1 4 7 10 9 10 4 8 7 6 1 1 3 7 9 7 10 9 1 3 4 9 5 8 2 4 2 2 2 7 8 10 8 7 5 4 3 7 7 10 7 9 10 4 2 4 3 5 9 4 3 1 7 4 10 7 8 2 10 7 8 7 5 8 8 3 4 10 7 3 6 9 7 1 8 7 4 8 8 6 9 7 7 1 5 6 8 3 6 6 2 4 2 1 6 10 3 5 9 6 6 10 6 3 4 5 4 9 9 5 7 1 8 2 4 6 10 8 8
SongsfromtheSecondFloor 5 7 5 10 6 5 5 6 2 2 1 9 6 8 4 10 10 9 4 7 10 10 1 5 2 1 2 8 9 10 8 7 6 1 4 4 5 10 5 9 7 8 5 6 8 9 5 9 6 4 10 4 4 10 1 4 3 3 7 9 4 5 7 2 8 9 9 3 5 6 4 4 10 2 6 6 9 2 7 2 1 2 4 5 1 10 3 10 10 4 2 7 5 6 4 1 2 7 6 4 4 9 6 1 9 9 4 4 5 1 4 10 8 9 9 6 4 3 4 2
TheTreeofLife 3 3 5 6 7 1 3 7 2 6 10 3 6 6 10 2 6 9 9 7 7 5 8 7 9 7 4 8 7 6 4 6 7 9 3 4 8 1 2 9 4 2 10 1 3 3 10 5 4 5 9 2 9 7 5 7 4 3 7 6 3 9 3 8 7 6 6 2 3 4 2 2 5 2 5 10 5 5 8 7 4 2 6 7 2 3 5 1 3 2 6 10 10 10 1 8 7 4 7 6 9 10 8 4 3 3 3 1 2 8 8 8 7 2 2 5 7 1 1 8
Husbands 9 10 1 1 1 4 6 3 6 4 6 10 6 5 4 4 4 1 10 3 10 6 3 7 3 1 6 10 2 8 3 5 5 3 4 9 7 6 3 2 6 4 9 7 9 1 9 1 2 10 10 3 4 9 2 5 10 8 7 4 10 6 10 7 5 6 8 6 5 6 10 9 7 2 1 7 9 4 7 1 6 5 3 9 5 1 2 2 2 8 8 6 3 1 3 8 2 2 7 8 10 7 8 1 5 9 9 10 10 3 7 6 1 2 4 8 7 6 1 10
HolyMotors 6 10 6 10 1 9 4 7 1 9 6 2 5 9 7 5 6 7 7 7 2 2 8 9 10 7 9 5 2 1 6 2 3 3 8 10 8 4 10 5 8 6 7 4 4 10 9 7 6 1 1 3 9 10 10 1 1 5 4 9 9 2 7 2 4 1 10 5 6 9 8 10 4 8 9 4 3 7 4 8 3 7 10 10 3 2 1 4 3 5 10 5 2 7 4 5 4 4 2 2 8 6 2 6 8 3 10 7 5 5 5 7 5 1 1 2 4 5 2 1
DersuUzala 5 1 7 6 7 3 3 8 1 8 10 6 3 8 5 2 4 10 9 3 8 10 9 8 10 2 8 5 3 9 3 4 3 3 1 9 6 2 4 10 4 8 10 7 4 9 1 3 3 4 6 7 8 10 8 9 2 1 2 2 9 6 8 1 9 5 6 9 9 10 3 9 9 1 4 8 9 9 7 1 6 10 8 10 9 3 3 5 9 2 6 10 1 3 1 4 10 5 2 4 9 7 3 2 5 10 7 5 10 9 9 10 9 7 7 8 2 9 6 4
ShortCuts 4 6 4 1 6 10 10 10 1 2 10 9 2 10 8 5 7 1 8 1 4 7 1 3 7 5 10 8 7 10 5 6 3 4 3 9 1 10 6 4 10 1 7 10 4 9 7 6 3 8 9 1 2 3 9 7 2 7 3 10 6 1 6 3 4 1 3 10 10 3 7 4 2 4 9 10 1 9 9 8 1 1 9 2 2 10 7 7 7 5 8 1 1 2 1 10 9 10 4 10 7 3 10 4 6 2 4 7 6 9 7 1 8 2 3 3 3 8 9 5
BreakingtheWaves 2 5 9 5 2 8 2 9 4 7 2 6 7 3 1 5 8 3 6 9 5 10 4 8 4 7 5 7 10 10 7 10 1 7 8 9 7 5 9 6 4 5 10 5 3 6 8 4 4 4 9 8 4 1 6 2 8 10 6 1 4 3 10 5 1 6 5 2 4 2 5 2 8 4 5 4 5 6 5 6 2 5 10 9 1 3 8 4 2 1 10 7 6 1 5 10 5 9 1 4 6 4 3 6 2 7 7 7 4 6 6 7 6 5 4 8 7 4 6 10
ToukiBouki 5 4 7 1 3 3 10 8 5 7 3 6 10 1 9 7 9 5 2 1 5 3 10 1 4 10 1 3 8 2 5 4 7 4 1 6 10 7 3 3 8 3 9 2 10 4 5 3 10 7 3 7 1 2 10 7 4 1 1 2 4 6 10 10 2 4 1 2 8 1 6 7 1 5 3 2 10 9 1 4 2 9 3 8 6 10 1 6 9 2 3 5 6 5 1 6 8 7 7 6 9 5 6 8 10 1 8 7 10 5 7 7 4 10 2 10 3 8 3 9
Brazil 3 6 9 2 2 5 8 8 1 8 4 10 7 3 6 3 2 4 2 3 6 4 1 1 9 3 3 2 5 4 5 7 4 8 10 6 3 5 9 7 9 2 3 2 10 7 1 5 8 1 8 1 10 9 8 1 10 4 7 6 8 3 10 7 6 7 5 4 9 8 10 9 9 6 1 6 9 6 9 3 5 10 7 1 1 6 2 2 3 10 3 6 1 9 5 5 10 8 8 10 2 6 9 7 3 8 2 5 1 8 1 10 9 3 10 9 6 1 8 1
DieHard 4 4 1 8 1 1 2 10 5 1 1 2 6 4 5 2 3 4 5 5 3 7 6 9 8 3 7 10 1 7 2 5 3 5 7 4 1 3 5 8 8 4 6 8 4 9 7 8 6 7 3 6 7 8 2 2 6 3 2 2 7 10 1 1 3 4 1 3 5 1 5 4 8 9 7 10 4 8 2 2 3 9 8 6 3 8 9 6 1 6 1 2 5 9 2 9 1 9 10 3 7 5 4 6 2 9 8 2 1 9 2 3 4 8 2 1 2 9 9 7
FforFake 9 8 10 5 5 8 9 8 10 6 4 10 10 5 6 1 10 3 3 3 2 9 3 1 3 7 6 8 5 3 7 7 8 1 3 6 8 9 3 6 2 1 1 1 2 6 6 9 2 6 9 4 8 7 1 9 5 7 9 7 4 10 1 3 7 3 2 3 7 5 4 2 9 6 1 5 8 4 6 5 4 1 10 9 6 1 5 8 2 6 6 6 9 10 9 6 5 9 2 1 6 6 1 6 9 7 8 5 7 8 1 1 9 4 1 4 4 1 9 3
TheMarriageofMariaBraun 3 8 10 9 10 9 6 4 9 4 1 4 10 4 9 2 1 3 2 6 10 3 5 5 8 9 10 7 1 6 8 8 5 8 3 10 10 8 5 8 3 8 1 4 4 9 5 5 4 8 1 9 4 10 6 1 8 2 8 6 3 3 3 3 9 8 6 10 7 2 5 6 5 2 1 2 3 4 6 5 5 5 4 1 10 1 5 9 4 1 5 6 3 4 3 10 7 3 3 1 4 1 7 1 4 6 5 6 8 8 4 4 1 10 2 10 8 6 4 2
TheyLivebyNight 10 4 4 6 4 9 8 9 3 8 9 5 5 7 8 10 7 8 9 5 3 10 6 4 1 1 6 9 1 2 5 10 3 2 5 5 2 10 10 2 6 9 3 6 3 4 10 3 6 5 5 2 6 8 9 7 4 8 1 3 2 3 6 5 7 6 3 8 2 4 5 9 8 4 9 2 7 2 7 6 3 9 2 2 2 9 8 6 10 5 9 10 6 8 5 9 3 4 1 3 2 5 4 2 3 3 9 7 1 3 1 9 3 8 7 4 5 1 1 8
BeforeSunrise 9 6 1 8 10 10 7 10 4 10 5 2 3 5 1 2 10 7 8 9 2 7 4 10 1 8 6 1 10 7 7 10 8 3 7 2 2 3 7 4 7 4 2 4 7 10 7 5 4 2 1 1 5 8 8 7 6 4 3 7 7 9 3 9 3 5 7 9 4 7 6 5 9 2 9 7 8 8 5 4 9 7 5 9 10 6 9 8 10 9 1 1 7 2 9 2 3 5 7 5 1 7 3 4 5 5 5 9 6 6 8 9 7 3 5 2 3 5 7 6
TheSon 3 9 5 10 5 8 1 10 4 4 9 2 5 5 6 10 7 10 4 1 5 7 10 9 3 10 8 3 1 2 9 9 5 1 1 2 5 4 9 2 4 6 3 3 4 8 5 1 1 4 1 8 5 5 8 5 9 9 2 4 3 4 2 10 7 10 6 10 9 4 10 7 1 8 9 5 3 1 9 10 5 6 1 10 10 8 2 2 2 7 4 10 7 6 5 9 9 4 8 9 6 5 10 2 4 4 8 1 3 7 5 7 10 10 10 8 1 7 6 1
CarnivalofSouls 2 10 9 1 3 10 6 7 1 9 10 9 4 5 6 7 10 5 1 3 10 4 10 2 10 4 2 10 2 5 1 4 8 7 8 6 7 3 7 8 3 2 2 9 9 2 3 3 10 10 2 4 8 8 10 3 5 9 6 8 6 7 5 8 1 3 10 1 6 9 3 10 7 9 8 3 5 2 8 10 8 6 10 4 3 2 10 5 8 9 7 4 2 8 6 3 9 5 9 1 3 2 2 9 8 2 9 1 4 5 9 4 2 10 3 2 1 10 4 8
Sunrise 8 4 5 7 9 6 4 4 9 10 5 6 8 3 7 7 9 10 8 2 7 10 10 5 2 3 7 6 4 3 6 7 6 6 8 6 8 8 5 4 3 1 5 3 9 9 8 4 9 4 9 4 8 9 7 1 8 10 10 8 6 2 10 3 4 10 3 4 7 4 9 3 7 3 6 9 3 9 3 6 1 2 8 2 4 10 4 4 8 2 10 6 5 5 1 4 8 5 3 4 5 8 7 2 8 6 5 4 8 9 8 8 8 6 3 7 3 10 5 4
Nostalghia 6 5 5 1 1 10 7 5 3 8 10 1 1 7 3 2 5 5 6 1 5 3 3 8 7 5 4 10 8 5 4 2 4 8 2 8 8 5 6 2 8 6 10 8 3 1 6 8 5 9 5 9 8 7 8 2 5 9 8 7 8 6 8 5 10 6 4 4 2 7 2 6 5 9 8 1 8 4 9 10 10 1 1 1 4 4 8 5 3 5 10 3 2 9 2 1 6 1 8 10 1 8 6 9 5 5 8 10 4 7 10 2 4 7 10 10 1 7 2 2
LocalHero 9 9 1 1 3 3 4 5 8 3 4 9 10 6 7 3 6 10 4 3 3 9 8 1 10 2 2 5 10 7 7 9 6 6 2 3 2 2 7 2 4 2 6 6 3 2 7 8 9 4 10 6 4 3 7 1 3 8 2 7 2 2 8 5 1 8 3 2 2 5 4 4 9 2 2 5 8 7 5 8 10 10 10 7 8 9 5 6 5 1 5 1 7 4 8 9 10 8 3 9 2 10 5 5 6 1 8 7 4 8 5 2 5 8 2 2 1 3 10 5
Mouchette 10 2 6 2 3 10 2 2 7 5 8 3 2 3 2 5 3 1 9 6 5 1 3 1 4 2 5 7 8 2 2 1 4 3 4 7 3 7 3 8 7 10 2 10 9 3 9 4 8 8 7 1 3 3 3 4 6 7 2 2 9 7 3 7 7 10 4 1 4 4 6 3 9 5 9 7 4 10 5 6 2 9 9 3 5 6 5 3 1 5 8 9 4 5 1 8 3 10 7 3 6 2 1 9 10 5 6 3 9 2 6 3 2 7 4 1 8 6 4 9
TheKillingofaChineseBookie 6 4 7 6 6 2 4 8 7 6 9 9 4 6 3 5 10 4 9 5 1 6 3 7 5 10 7 2 1 5 2 4 5 9 10 3 8 7 5 10 8 2 3 4 9 5 10 10 5 10 3 10 2 3 7 1 6 5 4 5 8 6 2 6 1 6 3 3 5 6 9 7 8 1 1 6 8 2 10 10 4 1 10 7 10 6 10 1 5 7 2 8 7 5 2 9 7 2 6 1 4 1 8 10 6 8 7 1 10 3 5 1 1 10 1 6 5 7 3 6
Accattone 4 2 9 8 7 7 2 10 6 8 8 4 10 7 8 7 3 2 2 10 6 2 10 7 8 6 7 6 6 6 9 6 4 10 5 10 6 10 1 4 5 2 9 6 8 1 3 4 7 10 4 9 4 7 4 3 8 10 3 7 7 1 1 8 6 7 7 6 8 4 6 1 4 6 8 1 10 3 8 10 10 3 10 8 4 5 4 9 4 3 1 8 7 9 10 7 6 10 3 9 8 6 6 9 6 8 6 3 2 10 9 6 2 7 5 8 5 7 3 4
MonsieurVerdoux 2 2 1 3 10 5 8 4 7 4 2 10 7 9 9 2 4 9 6 3 4 4 2 8 7 2 2 8 7 3 7 2 4 5 10 10 8 1 8 10 5 2 6 2 5 9 4 3 1 6 4 5 9 10 2 5 3 3 3 7 2 8 8 9 2 6 9 8 10 1 5 4 2 1 4 2 2 5 5 6 2 3 6 6 6 9 1 2 4 7 1 7 2 1 9 3 9 3 4 6 6 8 5 2 7 10 8 9 3 8 1 7 7 1 2 1 10 5 5 3
Halloween 10 1 5 10 1 4 1 10 7 4 1 7 2 4 3 5 5 3 8 8 9 9 1 5 2 2 7 3 10 5 9 10 6 7 2 9 10 1 7 3 1 8 5 7 3 5 10 6 10 10 1 1 8 1 10 5 9 10 6 2 4 4 1 8 1 1 9 9 3 1 1 7 10 10 8 4 9 7 6 10 5 10 9 1 8 5 9 4 2 8 2 9 5 4 2 6 10 6 6 4 7 9 6 7 9 8 2 3 1 7 8 7 5 1 3 10 7 6 6 9
Fitzcarraldo 5 2 3 6 6 6 10 8 2 10 5 7 1 10 7 4 6 2 4 2 4 7 5 6 10 7 7 9 8 4 4 2 9 1 7 7 8 7 4 6 5 5 3 1 5 8 10 9 9 5 6 8 8 1 3 4 9 9 9 10 10 5 9 10 10 10 4 9 10 8 2 4 5 6 7 5 9 5 10 8 2 1 5 10 1 7 1 4 10 10 4 8 1 6 2 4 1 5 5 5 3 9 1 8 3 6 5 3 5 5 3 3 9 8 2 5 10 3 10 3
Elephant 5 9 7 10 3 9 8 5 3 9 1 4 3 5 1 2 1 9 8 1 2 1 8 7 10 7 8 8 10 8 7 10 8 7 4 8 5 6 2 4 1 9 4 3 10 3 10 5 8 7 8 6 4 5 1 6 9 6 6 8 2 9 8 8 4 8 6 1 4 5 4 5 8 8 6 6 6 8 1 6 3 2 2 8 3 2 9 8 1 2 6 9 7 8 5 9 9 4 6 1 8 8 3 3 4 7 9 1 7 7 8 9 1 10 2 7 6 8 4 10
TheTigerofEschnapur 9 2 5 3 4 3 5 3 10 8 5 5 9 7 9 9 1 2 1 10 9 8 9 10 10 10 5 8 9 8 8 6 5 7 10 4 3 3 10 2 1 9 3 7 5 5 9 9 5 5 9 5 6 5 8 10 1 5 10 6 2 1 1 3 4 2 2 3 8 4 10 5 2 3 7 2 5 4 4 2 8 1 2 2 1 8 7 3 2 7 7 4 10 4 4 6 6 1 4 5 2 2 1 2 4 10 1 5 4 7 10 4 6 9 8 5 9 10 5 9
VoyageinItaly 5 7 9 9 3 9 9 8 10 4 6 1 7 9 1 1 9 7 7 2 10 4 2 10 4 3 1 9 7 2 5 7 1 10 5 10 8 1 6 4 8 7 2 8 8 1 2 1 4 8 2 6 5 7 2 6 10 9 6 10 1 9 9 8 5 1 9 10 5 10 8 7 9 3 9 2 7 5 10 4 2 4 5 8 9 5 4 6 1 6 9 2 3 10 6 1 3 6 1 1 8 5 10 8 10 5 2 3 4 9 2 7 1 7 7 2 1 6 3 2
BattleshipPotemkin 2 6 8 2 1 8 9 5 3 5 8 3 5 1 9 4 5 6 4 2 6 3 5 7 2 9 5 3 9 3 9 3 10 7 6 6 5 4 2 1 3 10 2 7 1 5 1 1 9 3 5 2 5 5 2 10 9 6 7 1 7 1 5 4 9 3 6 6 1 10 9 10 6 6 3 1 8 9 3 3 2 10 4 3 1 6 2 8 4 8 10 8 10 4 10 8 10 8 3 7 1 10 2 5 6 1 6 5 8 9 3 6 6 9 1 4 4 10 10 1
Lolita 6 5 7 2 6 8 8 2 3 1 3 8 6 9 6 6 3 7 6 2 3 10 4 10 9 1 7 1 3 3 6 8 3 4 8 8 1 6 6 5 9 3 6 8 9 7 2 5 3 5 5 9 6 2 3 10 10 2 8 7 4 7 4 6 9 6 3 2 9 3 5 3 3 4 3 4 5 3 5 4 4 2 5 8 8 1 2 7 6 6 6 10 10 10 8 2 5 1 10 6 6 8 3 2 8 3 8 9 1 6 4 8 10 3 1 6 1 6 7 3
Deliverance 7 4 3 5 1 1 5 2 8 10 9 5 8 1 1 4 4 7 2 2 2 4 8 7 1 2 10 2 1 10 9 9 3 9 1 2 4 3 9 2 8 1 6 2 5 3 9 4 8 3 4 5 10 7 1 9 8 1 6 7 1 1 3 6 2 5 7 9 4 1 4 3 5 6 6 10 1 1 10 9 10 2 1 10 8 1 9 1 6 7 5 3 2 7 10 4 4 4 2 3 9 3 10 2 2 4 9 3 1 10 8 5 1 5 1 3 2 10 7 3
Hiroshimamonamour 10 10 2 10 6 8 7 10 4 3 2 3 3 4 1 4 4 1 10 10 6 7 10 8 7 6 10 1 10 7 10 4 8 9 6 4 5 9 6 6 4 5 9 4 4 5 5 1 2 4 5 9 3 7 5 7 2 10 7 1 7 9 9 10 5 9 8 6 7 10 5 4 5 3 1 10 6 9 7 9 10 6 4 10 1 4 1 9 3 4 4 1 5 7 3 2 5 10 3 7 4 2 6 3 7 8 7 6 4 6 5 3 2 5 2 2 10 4 9 7
ThreeColours_Red 2 6 5 4 3 6 9 1 8 6 10 5 1 6 10 6 4 3 10 9 6 6 1 3 6 6 8 8 9 2 1 5 8 8 7 2 9 9 2 2 9 4 8 9 1 6 8 8 3 8 5 9 7 7 10 10 9 7 5 1 2 3 10 3 3 9 6 10 10 8 10 6 1 8 4 10 9 9 6 10 4 2 2 1 7 8 9 3 6 8 9 1 6 1 3 5 7 9 2 10 2 4 5 3 10 10 5 8 7 7 6 7 4 2 4 7 6 6 4 9
Faces 1 10 8 10 7 6 1 1 4 3 6 7 2 5 8 7 4 4 8 1 1 5 9 2 4 1 9 1 2 8 3 4 1 10 2 3 9 5 2 4 7 4 6 2 6 7 7 5 10 5 6 2 9 2 8 7 5 8 1 8 3 4 1 9 9 2 4 7 4 8 2 6 9 1 6 2 1 4 8 1 10 6 8 3 7 7 9 7 10 3 10 2 7 2 5 6 4 7 4 10 9 8 10 7 4 4 1 10 5 4 9 1 3 7 8 6 10 5 5 4
TheSeventhSeal 3 3 3 4 9 5 10 10 2 1 4 9 1 3 2 6 7 3 9 6 6 6 2 3 8 2 3 1 10 8 6 4 1 2 4 1 7 4 4 6 2 4 5 8 4 7 6 1 1 9 2 8 8 3 8 3 9 7 10 9 10 7 8 2 3 10 3 10 10 8 8 2 5 4 5 8 7 4 6 5 9 8 4 4 5 4 10 7 2 9 7 10 6 9 10 2 7 2 6 8 5 9 1 8 6 1 9 9 4 2 4 6 6 4 2 5 3 4 8 8
FloatingClouds 5 10 7 10 1 9 9 10 8 4 9 10 4 3 4 1 6 9 3 5 10 2 8 4 4 2 7 3 8 2 5 8 4 7 5 2 2 3 10 4 8 4 5 5 6 10 2 4 8 1 6 9 3 1 9 3 6 7 4 5 2 1 7 7 2 1 10 6 9 9 1 2 8 2 10 8 10 5 10 10 6 5 6 10 1 3 2 7 5 1 1 6 7 1 10 8 4 7 10 5 8 10 9 9 2 2 3 8 8 1 6 2 2 1 5 9 6 3 3 7
Alphaville 5 1 3 9 1 9 2 7 7 5 3 10 5 7 7 4 1 8 7 2 5 5 4 10 10 5 5 6 10 5 4 10 6 9 2 8 8 7 4 1 2 9 8 5 2 7 4 4 4 1 2 1 6 9 4 7 1 7 8 4 9 7 9 7 8 3 9 5 10 3 9 8 9 1 5 5 4 7 8 9 3 1 4 5 6 10 9 10 6 8 10 6 10 3 5 1 4 7 2 8 8 3 2 6 2 5 8 2 5 8 5 3 5 4 9 1 1 4 7 3
TheThinRedLine 5 10 6 8 2 1 8 2 4 7 3 4 10 1 5 10 7 3 6 3 8 1 10 2 3 4 6 1 4 3 8 7 6 7 4 6 6 3 2 1 5 4 7 9 7 5 5 6 8 8 7 2 4 2 6 5 7 7 5 3 9 9 1 9 3 4 8 7 5 1 10 6 1 2 10 10 10 1 2 9 1 5 3 7 4 8 10 10 4 5 3 1 2 10 1 4 1 3 6 7 9 9 3 1 5 7 4 1 4 2 6 9 8 1 8 3 8 8 7 9
TopHat 2 8 10 5 10 3 8 10 10 1 7 6 7 2 8 7 4 7 4 5 9 5 10 7 1 9 4 8 3 2 2 6 2 6 1 5 1 9 9 7 1 2 6 4 2 1 5 1 7 1 6 5 4 4 8 8 2 8 9 3 7 3 10 4 1 3 9 2 10 7 8 5 5 10 3 6 5 7 4 10 7 7 9 6 1 9 5 6 7 7 1 8 5 5 1 4 4 5 5 1 2 10 9 1 4 6 4 3 9 2 10 3 4 2 10 10 4 1 5 6
TheMisfits 8 10 4 5 10 4 4 2 7 1 3 4 9 8 8 2 6 9 2 8 5 7 3 3 2 9 5 2 6 10 7 10 9 10 2 1 9 2 3 3 7 4 3 9 4 9 10 8 2 3 5 9 8 4 8 8 7 1 6 7 4 2 4 1 9 10 2 7 5 1 10 4 9 4 3 6 4 2 9 7 1 10 1 7 9 3 3 5 10 6 10 2 1 1 9 4 1 9 1 3 10 2 1 9 9 8 10 6 1 6 1 10 10 2 9 3 9 9 3 7
ComeandSee 9 2 10 8 8 4 1 1 9 4 7 6 10 8 6 10 9 10 3 10 10 9 10 2 8 1 2 8 4 10 7 10 7 1 10 6 6 3 2 9 7 10 1 1 1 2 4 3 4 1 3 6 9 3 2 1 6 4 4 10 8 5 6 9 2 5 2 4 8 5 6 6 5 7 3 1 1 4 2 2 4 9 9 9 5 5 10 6 5 7 10 3 10 9 3 7 10 4 4 4 5 5 5 10 8 8 3 7 9 10 10 3 1 7 6 8 4 4 10 5
AHistoryofViolence 3 4 6 3 1 8 9 7 3 1 2 8 8 5 10 1 9 1 9 8 9 10 3 2 5 3 5 10 1 4 8 8 5 8 8 2 6 3 2 6 2 9 4 7 3 4 10 9 7 7 10 6 9 10 10 10 6 1 8 4 4 3 3 4 8 6 10 10 7 4 9 4 4 4 7 1 7 8 6 7 4 7 3 8 4 6 7 4 5 9 5 1 7 6 6 7 8 9 6 10 1 3 8 3 5 8 10 7 7 7 5 2 8 10 5 9 10 10 9 4
StreetAngel 2 6 8 9 1 10 6 6 9 4 9 3 4 7 3 6 4 6 9 3 10 5 7 3 3 7 5 5 8 3 8 9 1 10 9 6 4 8 5 2 4 10 1 9 3 10 3 5 7 5 9 9 3 9 6 10 8 4 6 2 1 7 4 8 6 3 9 8 7 4 3 9 3 10 9 4 8 4 8 7 7 9 4 8 7 9 1 2 4 4 2 7 8 3 3 2 5 1 1 7 3 3 10 2 10 1 8 8 5 5 8 5 5 5 9 6 8 7 1 2
TheConformist 9 4 6 1 8 4 7 8 6 8 2 10 2 1 5 4 1 7 4 1 3 1 3 8 8 8 6 2 2 9 3 8 7 8 2 4 3 9 2 1 5 4 9 2 9 1 3 6 3 10 6 6 8 6 10 8 10 9 10 5 6 2 3 8 6 9 7 7 4 3 9 1 8 4 4 4 3 3 4 4 6 6 8 4 7 6 6 6 3 5 4 7 7 7 10 10 2 2 10 4 1 6 10 5 2 4 4 5 2 5 6 3 8 9 5 4 10 10 10 8
Passion 4 4 8 2 5 3 10 10 4 5 9 3 7 1 7 6 8 1 8 10 6 6 2 4 9 3 2 10 7 10 10 8 8 1 7 3 7 10 1 6 3 9 9 6 5 5 3 6 3 1 2 2 8 1 2 3 7 6 4 10 6 5 3 3 8 6 6 9 9 2 10 9 6 7 2 1 5 3 3 6 5 4 4 4 7 8 1 4 7 6 2 7 8 9 10 4 2 1 6 2 5 4 5 6 2 6 1 5 8 3 7 7 2 3 6 1 4 4 1 1
NostalgiafortheLight 10 10 6 1 10 5 7 3 7 2 1 3 6 10 9 6 10 7 6 9 4 6 3 7 2 10 1 5 4 1 2 3 4 4 6 9 3 7 7 7 4 7 2 10 9 9 1 8 2 4 9 7 9 5 8 1 10 1 10 9 4 2 2 1 2 9 8 3 9 3 9 9 10 10 2 5 6 6 10 2 9 3 10 8 3 1 10 4 1 8 10 8 3 9 2 9 5 7 7 2 5 6 4 2 1 5 6 1 10 1 1 5 10 1 7 4 10 1 4 1
DancerintheDark 8 5 5 1 10 10 10 6 2 2 8 7 9 8 5 7 6 6 8 5 4 8 3 1 9 1 7 9 6 1 3 9 5 1 8 5 8 6 5 9 8 3 1 2 3 7 9 10 6 3 8 7 8 3 8 8 1 9 10 9 8 7 1 6 2 6 8 9 6 1 7 2 10 6 9 6 1 7 1 10 5 9 1 4 8 9 7 4 10 5 4 5 5 2 9 4 6 4 8 3 8 8 4 5 3 3 6 7 1 6 7 9 9 6 10 8 1 1 3 3
StrangersonaTrain 9 10 2 2 1 7 8 6 2 2 1 8 8 7 7 5 8 4 2 2 2 6 2 8 8 4 1 1 2 8 10 1 2 6 6 10 4 9 8 5 9 8 4 3 6 3 6 8 6 3 7 5 6 7 8 1 2 4 6 2 1 10 4 9 6 8 10 5 9 6 8 1 5 9 6 3 5 9 3 6 7 5 2 4 6 4 4 9 1 8 2 9 9 7 4 2 3 7 3 8 10 6 6 9 4 5 8 4 2 5 2 3 3 10 9 7 3 5 4 3
TheSilenceoftheLambs 1 2 9 3 4 7 7 9 9 6 8 7 6 7 10 6 5 6 2 9 10 8 1 3 7 7 4 8 1 3 2 2 1 10 4 10 5 9 5 1 3 1 5 3 3 7 4 7 7 8 6 1 5 10 6 1 4 7 3 5 6 2 6 2 8 10 8 10 9 2 8 3 6 6 7 1 10 2 7 4 9 6 9 7 9 6 5 4 1 10 9 7 8 3 4 1 2 9 1 10 9 7 7 5 3 1 10 9 10 3 8 9 3 2 1 6 3 8 7 3
Rififi 3 7 1 4 2 9 9 9 10 5 5 7 8 3 8 10 6 5 10 9 6 8 6 4 4 7 4 3 9 7 5 2 2 6 4 10 3 2 1 5 3 8 4 7 1 2 2 5 2 2 5 7 2 8 8 1 9 3 1 3 9 8 7 5 9 8 7 3 3 5 3 4 10 2 8 7 9 2 2 8 10 8 7 10 3 6 3 5 4 4 3 8 1 6 2 2 6 6 10 10 10 9 7 3 5 2 8 7 10 8 2 5 1 2 9 4 2 3 4 3
TheyWereExpendable 9 3 3 9 1 2 9 3 3 8 4 6 8 2 7 4 3 9 6 6 6 1 1 7 4 7 7 6 8 3 9 9 6 4 9 3 4 7 5 5 9 8 2 9 1 6 2 3 8 7 6 2 7 10 1 5 1 3 8 7 9 1 2 1 7 7 3 3 8 9 9 7 8 4 2 1 6 9 3 5 10 10 1 6 9 9 7 8 9 2 6 7 7 5 10 8 1 6 10 4 6 6 3 7 4 10 8 7 6 2 3 9 9 10 10 1 9 9 3 8
TaleofTales 1 5 2 7 3 6 2 10 7 5 5 1 1 3 1 1 3 7 9 8 9 1 4 4 8 6 3 5 10 7 6 2 7 9 7 3 4 1 6 9 4 7 3 1 7 9 6 8 3 9 6 9 1 2 10 4 4 8 8 4 1 7 1 10 9 1 10 8 2 4 6 7 1 8 5 8 9 10 7 10 3 5 2 6 1 2 1 1 1 10 4 10 3 5 5 5 9 5 9 7 7 9 9 2 3 5 7 6 8 5 3 7 1 9 5 2 3 7 10 8
Network 9 10 1 2 2 1 1 9 6 1 10 1 4 4 5 10 8 1 5 9 3 1 8 1 2 7 7 8 8 8 1 9 9 1 2 8 9 9 10 10 4 7 5 10 4 4 5 6 7 6 3 7 10 3 10 1 7 7 9 10 3 5 9 5 1 9 2 4 5 7 5 1 1 9 10 3 5 3 2 7 4 6 9 9 5 4 3 1 2 4 8 6 10 10 1 2 5 5 8 7 4 2 9 9 1 4 3 7 5 10 4 10 2 2 4 2 8 9 9 8
TheKiller 2 8 6 10 5 6 2 1 10 9 3 3 10 5 6 9 8 8 8 4 3 10 3 2 1 5 4 6 5 8 10 4 9 9 4 5 2 9 1 3 7 3 1 2 4 10 8 9 4 10 5 9 6 5 7 9 6 10 6 1 1 9 5 7 1 5 7 5 8 2 3 4 8 10 3 1 3 3 6 4 4 3 2 2 1 2 8 10 4 4 9 6 3 10 4 4 4 1 10 6 2 6 6 1 10 3 3 2 3 8 4 4 1 7 2 1 7 8 2 8
TheEndofSummer 8 9 4 10 10 8 10 5 1 2 7 8 8 3 7 3 1 6 5 6 2 3 7 2 1 4 8 9 6 1 5 9 3 3 4 7 6 5 9 2 5 5 6 3 3 7 3 4 8 2 5 1 8 4 7 4 4 6 2 8 8 5 8 5 9 8 10 2 5 3 9 7 4 7 2 3 10 6 10 5 7 7 6 4 6 9 7 2 1 10 3 10 4 1 9 5 6 1 1 9 10 6 4 8 6 7 8 4 1 6 8 1 5 1 6 1 6 8 3 6
ScorpioRising 3 6 6 1 4 2 9 6 8 10 5 10 6 6 3 6 8 6 8 8 10 6 2 2 1 9 7 5 3 4 8 1 7 7 3 2 6 9 4 5 7 9 7 3 8 9 1 2 8 4 8 9 7 10 10 5 5 4 4 2 8 5 1 6 1 9 2 3 8 1 10 6 9 9 4 6 8 10 6 4 4 3 10 1 5 9 2 6 7 10 6 10 1 4 8 3 10 3 3 8 5 1 2 2 3 10 8 10 6 9 2 7 1 5 6 8 1 5 6 10
CairoStation 10 8 10 10 3 6 8 10 1 2 8 10 5 3 8 4 1 2 8 1 6 3 5 2 2 10 6 7 5 10 3 8 7 9 4 4 4 1 10 10 10 3 7 3 4 9 8 7 8 7 10 3 3 10 5 3 5 7 1 7 7 5 7 8 8 10 8 9 2 8 10 10 1 9 6 6 2 6 5 1 10 5 3 1 9 6 5 8 6 7 5 9 4 1 10 2 9 1 6 2 3 3 8 5 5 1 3 6 6 6 3 4 8 6 2 10 1 5 7 7
TheGodfatherPartII 7 10 8 2 9 10 9 4 5 7 9 1 3 3 6 4 7 2 3 9 4 1 6 2 4 2 10 2 4 1 9 4 5 9 3 4 8 3 2 5 4 6 3 8 4 1 9 9 4 10 7 10 8 5 8 8 3 3 7 3 8 6 5 3 7 7 2 7 5 2 3 1 1 1 3 2 1 10 6 7 3 3 8 10 7 9 9 6 2 4 9 4 3 1 2 10 1 7 2 9 3 1 6 3 2 7 9 10 8 5 7 9 10 5 9 2 7 1 4 10
SomeLikeitHot 3 7 9 2 8 4 6 9 8 8 6 1 7 10 6 3 1 7 6 4 4 1 5 6 10 8 1 8 10 5 4 2 1 10 8 3 8 6 8 1 5 2 5 4 5 9 2 4 3 2 7 6 6 10 5 7 2 1 8 1 1 7 3 10 1 6 5 10 6 9 8 9 2 1 9 1 2 9 10 9 9 3 4 6 2 7 3 10 2 2 5 3 4 7 3 4 10 5 7 6 10 9 9 8 4 10 7 9 9 1 1 6 7 8 6 7 4 5 9 1
Ugetsumonogatari 10 1 1 3 2 4 10 6 6 9 9 7 4 5 8 2 1 1 3 6 4 6 7 7 3 10 7 2 1 6 10 3 8 7 4 3 5 6 3 3 6 6 10 10 1 7 5 4 8 1 4 3 3 5 5 2 10 5 4 8 3 7 2 4 3 4 4 2 10 8 1 7 4 7 9 5 10 5 6 3 8 8 1 6 1 7 5 2 9 9 2 2 7 1 4 4 6 6 2 6 6 1 1 6 7 7 6 10 5 7 9 8 10 8 10 2 6 4 4 8
ElDorado 10 9 1 4 2 1 7 8 2 3 2 8 7 8 8 5 7 7 8 6 1 3 7 6 2 2 8 2 7 4 8 5 7 2 7 5 3 3 1 3 1 4 10 9 2 7 8 7 3 5 1 5 4 10 6 8 6 4 2 8 9 5 4 6 2 5 2 4 9 7 7 3 5 1 8 7 7 2 10 7 6 2 4 5 6 8 5 5 4 10 6 2 10 1 9 7 3 2 5 6 1 10 3 10 10 7 1 9 6 2 9 1 5 6 7 9 5 4 3 1
LessonsofDarkness 8 3 4 9 3 4 2 3 4 10 3 2 1 4 2 6 10 6 2 5 9 6 6 1 2 6 6 10 1 6 2 5 7 6 2 5 2 7 10 8 8 1 1 5 1 9 8 10 8 3 2 1 5 7 2 6 6 5 3 9 3 10 1 3 6 4 6 2 3 9 3 9 10 8 1 4 5 5 10 3 4 3 6 10 9 4 4 1 1 7 6 1 3 1 9 2 2 4 8 7 1 2 2 2 7 3 9 9 1 2 4 1 6 9 9 10 1 4 10 1
Wavelength 8 9 7 10 1 3 5 5 1 5 2 4 4 6 4 6 3 4 10 1 8 8 10 2 8 3 2 10 2 8 9 7 1 10 5 3 2 7 8 3 9 9 9 1 4 3 6 6 4 6 3 7 4 10 1 10 6 5 4 6 5 9 1 2 6 3 8 5 1 6 4 4 8 9 3 3 7 1 6 1 6 8 4 3 1 6 10 10 3 8 8 9 8 3 10 3 10 5 7 2 1 4 7 1 9 8 1 1 7 2 5 8 5 10 4 2 5 4 8 10
BonnieandClyde 8 9 3 10 1 10 6 10 6 4 6 5 3 8 6 6 8 1 7 8 3 9 1 8 5 4 3 3 7 7 10 6 10 10 8 9 8 2 9 9 6 2 9 8 10 10 7 4 9 7 3 9 9 1 1 1 8 8 6 8 3 7 4 1 3 2 3 2 1 5 8 6 8 7 7 10 3 10 7 2 4 3 4 2 8 5 4 10 2 2 6 8 1 6 9 5 8 2 2 9 1 8 2 7 7 2 5 9 3 10 5 4 4 10 6 7 2 3 9 6
PatherPanchali 10 10 1 9 3 6 7 5 9 3 3 7 6 2 10 6 5 4 4 5 8 2 6 9 9 10 1 6 9 7 10 6 1 1 4 8 1 8 5 6 5 7 2 2 7 6 3 2 2 8 6 5 10 1 2 5 1 2 1 5 5 9 8 2 2 3 8 9 8 2 4 2 4 2 2 6 9 6 2 7 8 6 4 7 8 7 9 5 10 1 8 10 3 5 2 9 10 2 6 2 8 10 9 6 5 5 1 5 7 8 8 2 2 2 5 1 10 4 6 1
TheLifeofOharu 9 9 9 5 7 5 1 9 1 3 9 6 7 6 6 4 10 8 6 6 3 9 3 5 6 6 8 9 7 9 9 6 3 2 6 2 3 2 8 9 7 10 2 5 9 8 6 9 3 1 8 3 2 8 4 8 4 2 4 2 8 4 1 9 3 10 3 1 3 9 8 6 7 7 4 1 3 3 10 1 3 7 4 9 2 6 1 5 1 2 2 7 3 7 1 5 3 2 3 6 5 2 2 10 3 9 5 6 6 6 7 3 2 1 6 1 8 4 5 5
FataMorgana 7 7 8 2 2 4 5 1 9 4 10 7 3 1 4 7 1 5 6 6 4 10 8 6 1 4 5 10 7 10 1 9 8 5 7 7 7 3 5 9 3 10 9 8 7 1 5 10 5 5 8 5 3 10 4 3 4 3 4 4 6 9 8 3 9 4 3 4 5 8 8 5 10 10 7 1 9 2 2 4 4 7 10 10 5 8 9 2 7 5 9 3 6 6 6 10 5 4 1 9 5 3 5 7 6 4 6 5 10 9 2 10 5 4 7 4 4 2 8 8
SeventhHeaven 10 2 1 6 3 3 7 10 10 3 6 2 1 6 7 1 2 4 7 2 1 9 7 1 8 1 6 4 4 6 2 8 9 7 9 6 6 4 1 4 9 3 2 6 6 8 6 3 1 8 9 4 5 9 6 4 8 5 8 10 8 2 2 1 2 4 6 9 8 1 7 7 10 8 1 9 7 1 7 10 1 10 9 3 8 2 9 4 6 6 9 7 9 6 9 8 6 5 7 8 9 8 10 7 4 10 2 6 8 4 1 6 9 2 4 4 8 2 7 2
KingKong 2 4 5 10 8 3 1 1 5 1 8 6 1 8 9 1 6 6 3 4 2 1 9 10 6 9 5 10 3 5 7 7 4 8 7 9 8 5 10 8 8 3 9 1 9 4 9 9 6 5 4 6 7 9 2 10 10 3 7 10 6 1 3 2 3 1 1 2 5 7 8 2 1 10 2 8 2 10 5 8 6 2 3 9 1 5 7 2 7 2 10 2 3 4 6 7 10 4 4 1 6 5 4 9 3 5 9 7 1 9 8 5 8 7 6 10 7 4 5 3
AStreetcarNamedDesire 6 3 1 4 9 8 5 9 1 2 5 9 10 9 6 7 10 7 5 8 10 6 5 3 9 4 2 2 7 5 7 7 7 4 2 1 9 5 8 3 7 5 6 2 1 7 8 4 7 8 4 8 1 8 1 5 3 3 7 7 2 6 1 7 5 2 2 10 9 4 2 9 3 1 4 10 6 4 1 5 3 4 1 8 3 2 1 2 9 2 6 4 5 10 7 9 2 5 3 8 9 10 10 4 3 10 2 6 4 7 8 8 8 10 5 2 4 1 9 7
CloseEncountersoftheThirdKind 1 5 3 10 4 9 6 3 1 9 3 9 10 6 1 3 2 10 6 7 6 6 8 4 2 10 8 4 10 9 10 2 5 6 8 6 9 1 9 10 7 6 4 7 7 9 7 9 7 1 10 1 3 8 4 3 4 1 3 3 1 9 2 1 7 8 4 2 2 7 5 6 8 10 6 3 5 1 5 10 10 10 5 6 2 3 2 7 2 3 7 9 5 2 5 4 7 9 8 10 6 1 5 3 3 10 10 2 2 1 6 7 10 9 7 4 2 5 8 1
Amour 4 7 7 10 10 3 4 7 4 5 4 9 5 2 2 3 4 1 6 1 4 4 5 5 5 2 8 9 2 5 9 5 10 10 10 6 5 7 8 4 6 1 1 10 3 4 4 3 7 10 4 8 9 2 5 10 10 4 9 3 8 1 8 4 1 8 3 8 8 2 8 2 6 10 5 7 2 10 1 8 2 5 6 2 2 4 10 7 2 5 3 1 1 10 6 8 8 8 10 4 10 4 5 3 8 9 10 4 2 5 6 6 5 6 7 8 5 9 1 8
MeanStreets 7 10 2 7 10 2 8 10 4 1 8 9 1 1 9 8 3 10 10 5 6 10 3 8 5 1 1 2 2 5 8 10 8 1 1 4 2 9 5 8 10 7 8 2 5 2 8 8 6 5 6 5 6 9 5 7 4 4 10 10 3 3 1 3 4 5 1 9 10 5 2 8 5 4 8 7 2 6 9 1 2 7 8 10 6 3 6 6 2 1 8 3 4 3 3 1 9 8 5 3 5 6 10 6 2 4 6 5 4 4 6 10 3 4 2 6 5 3 7 6
StarshipTroopers 9 9 5 2 7 5 1 7 5 9 8 7 5 9 10 9 3 9 8 5 10 10 4 5 5 9 6 3 10 2 7 4 1 8 8 9 6 6 10 5 8 6 7 9 7 8 7 9 1 5 10 3 10 2 3 10 7 6 2 3 2 10 6 2 7 6 2 8 6 7 4 4 4 7 2 1 5 5 4 3 9 2 4 1 9 10 4 1 3 9 2 4 8 8 2 1 10 4 4 10 9 6 5 2 2 8 5 9 10 10 5 5 10 3 4 6 8 6 6 8
TheMirror 5 3 10 9 3 2 1 8 10 9 7 5 5 4 7 6 3 8 6 5 8 4 3 6 8 7 8 8 1 5 2 6 7 5 3 8 10 9 6 9 1 2 1 5 10 5 4 2 2 2 7 5 5 5 9 1 2 9 5 4 7 6 3 7 1 3 10 3 4 2 8 3 4 9 9 5 3 9 6 10 2 2 9 6 6 1 2 8 8 7 1 4 10 8 3 9 3 9 2 7 1 9 10 6 1 9 9 2 2 5 3 10 6 4 3 1 10 2 7 2
SevenWomen 10 6 9 3 2 10 3 1 1 7 3 10 3 4 5 1 1 3 5 9 1 2 4 3 1 9 9 10 2 2 7 2 3 4 5 4 3 2 3 1 4 9 1 8 4 6 1 1 6 5 3 8 4 3 3 2 9 8 9 2 10 6 3 2 10 6 1 7 7 7 2 4 7 2 4 6 6 3 10 10 3 9 8 10 2 4 9 5 6 7 6 8 8 6 1 3 5 9 6 1 10 9 5 9 9 9 5 7 6 2 1 1 3 8 6 6 1 8 1 10
Playtime 2 6 8 6 8 5 4 5 5 6 4 3 1 7 9 6 9 7 4 6 6 8 8 10 6 1 7 10 10 1 7 7 3 10 1 1 2 10 6 4 2 3 3 7 10 5 8 8 9 2 9 8 9 8 7 2 8 7 7 5 2 3 4 5 4 4 6 9 2 8 1 9 6 7 1 1 5 10 10 8 4 1 6 1 10 7 1 8 2 6 8 8 6 3 5 7 10 10 8 9 5 4 1 2 8 3 1 7 7 10 9 10 10 1 5 8 4 2 9 3
TheCrimeofMonsieurLange 2 4 6 10 4 5 2 2 1 3 5 7 6 1 10 6 7 4 10 1 10 10 8 3 2 6 10 5 6 9 4 2 2 8 1 5 9 8 7 1 8 5 5 6 4 4 7 9 5 1 4 3 4 4 7 4 6 8 1 8 3 8 9 7 1 7 7 10 8 9 3 5 5 5 8 9 2 5 4 10 8 8 7 10 9 2 5 7 4 1 3 8 10 8 4 4 8 8 10 3 7 9 4 2 6 4 8 3 10 9 7 4 7 5 2 6 3 1 4 1
DuckSoup 2 9 3 4 3 3 1 6 1 3 6 5 2 9 5 2 8 6 3 7 10 5 8 6 6 4 1 3 5 3 1 4 1 6 10 5 6 5 2 5 2 7 10 3 9 3 7 9 9 1 4 6 3 2 1 6 8 1 3 4 9 1 10 5 9 1 3 7 4 1 7 10 4 1 2 10 7 10 6 7 5 8 9 9 8 7 2 10 9 5 4 6 1 4 5 5 1 8 7 2 5 5 5 2 4 8 7 4 1 8 7 6 10 10 5 6 7 5 2 4
Spione 2 7 6 10 5 8 5 5 3 8 8 5 5 3 6 1 10 10 1 3 9 2 6 6 10 10 4 3 8 9 6 7 4 7 5 2 8 7 4 2 7 2 5 8 5 7 4 4 3 5 8 1 5 10 1 10 1 9 10 10 10 10 5 2 8 7 4 5 2 8 9 7 9 10 7 5 2 4 4 6 2 3 1 6 8 2 6 4 2 6 9 6 8 3 2 4 5 1 3 9 4 6 7 6 7 4 2 8 4 4 3 3 7 2 4 6 4 7 2 6
ThePalmBeachStory 10 3 8 7 7 6 8 7 9 7 2 7 8 7 6 4 6 6 3 3 4 4 4 9 4 4 4 3 7 8 10 8 3 3 5 10 5 9 7 10 2 2 6 6 3 5 2 8 3 5 8 5 1 5 10 5 7 2 7 7 1 3 9 1 7 9 7 1 6 10 7 3 10 4 1 3 4 1 5 2 7 3 6 6 3 6 2 9 1 2 4 3 9 2 10 2 1 1 6 2 2 3 4 1 5 5 5 5 3 3 3 2 7 3 3 9 2 7 1 3
DiaryofaCountryPriest 2 3 5 5 10 6 8 1 1 10 2 9 8 10 5 8 3 10 7 10 1 9 9 6 4 2 4 3 4 7 10 10 5 4 6 2 2 10 6 9 2 9 2 8 1 4 1 8 9 4 8 6 7 6 3 2 3 7 2 5 4 7 4 8 10 10 1 9 4 5 3 9 3 6 7 3 1 1 6 3 10 8 3 6 5 6 1 2 5 9 4 7 4 5 9 4 10 9 5 4 9 2 10 5 4 2 1 1 7 7 2 6 8 7 4 1 2 10 3 2
BrideofFrankenstein 9 8 4 2 3 1 4 5 4 4 5 1 1 10 6 3 6 1 1 8 7 9 3 9 8 2 2 3 6 2 5 3 5 3 6 5 7 6 4 7 4 7 10 8 3 6 7 4 6 4 2 2 2 9 7 2 9 5 6 10 3 1 5 3 5 3 4 8 5 1 1 5 5 9 7 4 2 7 5 9 5 4 1 5 8 1 6 10 3 9 4 8 6 2 10 10 2 6 9 2 5 4 6 7 5 3 5 3 5 9 10 1 4 8 6 2 2 1 7 2
Charulata 5 6 2 10 8 8 6 7 4 6 4 5 4 7 7 7 6 9 9 8 5 4 3 5 6 2 4 9 1 8 7 4 8 2 1 7 1 7 5 5 3 4 10 4 7 5 1 8 7 10 3 4 1 2 7 5 3 9 5 4 7 4 6 1 8 7 5 2 10 10 9 9 8 8 10 1 4 10 6 3 8 10 3 2 7 4 1 1 7 6 5 9 5 10 9 2 10 7 9 5 5 1 7 7 10 9 5 10 10 1 4 1 1 2 9 5 10 3 3 7
TheEmpireStrikesBack 9 9 3 9 2 9 10 8 5 3 1 10 4 5 9 3 10 1 9 6 6 4 4 9 10 10 7 10 3 1 4 4 3 3 10 2 9 5 2 8 8 4 4 9 2 1 9 9 2 8 2 7 10 1 3 2 5 7 4 7 2 6 6 9 7 6 8 8 2 5 4 5 7 7 6 4 6 1 6 6 2 3 5 5 6 1 8 5 6 5 9 5 1 1 10 7 2 10 7 10 1 3 9 8 8 5 9 7 6 10 6 9 9 6 8 7 2 3 8 2
ThePiano 1 2 3 2 4 4 10 2 2 1 2 4 10 5 3 9 9 3 3 3 9 4 3 8 9 10 2 3 4 6 10 7 2 10 6 4 8 3 8 7 9 6 3 6 2 3 4 7 10 3 7 1 10 10 9 2 1 7 10 1 6 6 1 6 10 1 8 5 3 2 10 1 6 5 1 5 7 5 9 6 2 4 7 1 9 5 7 10 8 2 9 2 1 1 7 5 6 3 6 5 8 1 7 1 10 8 1 6 3 2 8 4 10 5 2 10 4 9 6 7
Wanda 2 3 8 1 4 5 3 9 5 9 9 3 5 3 3 3 4 2 6 4 9 7 2 9 3 5 9 2 10 5 10 1 3 6 3 10 1 1 7 6 1 6 5 4 4 6 4 10 5 3 2 6 8 9 10 3 1 9 8 3 10 6 5 10 10 8 9 2 8 1 10 4 4 8 4 7 8 9 1 9 3 5 2 2 9 7 7 9 4 5 3 1 2 7 9 7 5 9 3 10 8 9 6 4 10 3 5 2 2 1 7 2 5 2 4 8 6 8 6 9
MasculinFeminin 6 3 1 5 6 4 5 2 3 10 9 7 4 2 8 1 8 2 6 6 9 1 3 4 4 4 2 10 2 4 3 5 10 6 3 6 7 6 8 10 3 10 5 2 4 10 6 6 3 7 1 1 5 6 1 3 4 4 2 8 8 1 8 5 10 9 8 2 6 5 7 9 3 5 9 4 7 9 1 2 1 2 8 4 9 10 6 2 4 10 7 7 4 7 4 2 9 10 4 8 10 10 2 3 9 1 9 9 10 2 7 2 8 8 5 7 5 9 2 6
BadLieutenant 8 7 8 2 1 2 5 10 9 9 6 3 8 1 10 8 1 10 4 7 10 4 7 8 4 9 3 1 3 7 2 5 6 3 1 6 3 4 6 8 1 1 3 7 8 4 5 9 1 1 7 8 7 8 4 5 2 3 8 7 5 4 3 4 10 8 4 5 1 4 9 5 2 4 2 3 2 5 5 6 6 8 7 5 9 10 7 6 2 9 8 6 4 1 6 2 7 5 5 7 6 8 2 9 5 8 1 9 3 7 7 1 5 7 8 4 5 3 4 9
Kwaidan 3 7 8 6 2 7 6 5 2 2 2 9 7 8 3 8 8 1 7 2 10 3 6 6 3 10 2 10 9 1 10 4 10 1 5 4 2 3 10 9 1 5 8 2 1 5 9 9 4 2 7 1 8 9 5 2 9 6 1 2 10 8 7 10 4 2 5 6 9 6 10 10 6 4 4 4 6 8 5 6 2 1 6 9 8 3 8 6 10 9 10 5 7 5 5 10 10 4 7 6 2 3 4 10 5 5 10 5 3 7 2 10 4 6 4 3 3 8 7 5
TheTimetoLiveandtheTimetoDie 9 8 8 8 6 3 7 7 7 8 2 4 3 1 10 5 1 10 3 5 5 4 3 2 7 1 9 4 7 3 7 10 7 4 2 10 3 1 6 5 6 7 3 6 8 8 8 2 2 6 2 10 1 2 10 1 9 3 2 1 6 6 3 1 7 4 1 8 3 5 4 5 10 9 4 7 4 6 5 10 3 7 1 8 3 9 6 2 5 2 9 6 9 3 9 10 2 7 1 7 2 4 3 6 7 3 8 8 3 3 1 1 1 2 3 9 6 6 6 10
AnnieHall 10 7 8 3 4 3 10 3 7 2 6 5 4 7 5 5 2 1 7 10 7 10 4 4 7 7 2 8 7 8 4 2 10 2 2 1 5 8 1 10 3 10 2 5 9 9 1 5 5 5 1 9 7 10 3 8 2 9 4 7 5 10 10 8 10 5 4 10 7 10 1 7 5 10 6 10 7 2 10 5 8 6 9 10 3 6 7 7 9 5 9 3 8 4 8 5 3 8 3 2 5 2 5 1 8 4 1 4 8 7 6 5 10 2 1 7 5 3 2 5
HowGreenWasMyValley 10 7 3 8 7 2 5 3 2 6 1 3 8 3 4 9 1 4 10 5 9 10 3 6 10 5 1 7 7 2 6 6 3 8 2 6 8 2 4 8 9 10 8 7 9 7 8 1 3 9 6 9 7 3 10 1 4 4 6 4 8 8 10 4 1 2 9 9 7 9 8 2 5 5 7 1 1 10 5 7 6 3 7 1 3 6 5 1 10 8 9 1 6 3 2 2 7 10 2 9 3 5 2 10 8 6 2 2 6 4 10 4 10 4 1 6 9 1 2 1
WeAllLovedEachOtherSoMuch 8 4 4 4 4 6 10 9 2 4 10 6 1 2 5 5 4 7 4 10 8 3 7 3 7 8 8 2 6 7 4 10 1 10 10 4 1 4 4 2 2 5 3 7 7 9 4 1 8 3 8 5 7 9 10 6 2 4 8 4 2 4 1 10 1 3 6 3 3 6 9 5 10 2 9 7 7 7 3 7 6 1 6 8 3 10 3 2 2 1 9 4 4 9 2 4 1 8 6 3 4 7 3 9 7 5 7 8 2 1 1 8 2 2 10 7 6 4 2 5
SimonoftheDesert 7 5 8 8 10 4 8 10 9 10 6 3 2 1 2 1 7 7 5 3 9 10 6 5 8 8 1 10 1 4 2 7 2 1 10 9 4 10 3 9 4 4 9 6 2 9 8 8 3 8 5 4 5 2 2 7 3 8 7 2 9 7 9 2 10 9 6 6 3 2 10 8 2 7 6 5 8 3 10 10 6 4 1 4 1 5 1 4 6 8 10 10 10 2 9 2 1 6 9 4 7 9 8 8 1 5 5 3 8 7 7 6 10 7 5 7 10 3 10 2
TheBandWagon 1 10 1 7 4 3 7 7 5 2 3 7 7 1 1 6 8 3 5 6 9 3 8 7 8 3 6 2 7 6 8 6 8 1 5 7 4 1 8 6 7 10 10 8 9 9 3 2 6 5 9 5 10 2 1 3 5 3 3 4 8 6 1 7 2 3 3 4 5 4 5 9 9 9 8 7 5 6 1 4 9 9 4 9 8 5 9 3 7 6 6 4 3 3 10 10 2 5 10 3 4 8 6 5 2 5 6 9 4 5 2 5 7 9 2 1 10 5 10 2
Subarnarekha 10 8 5 6 4 9 9 7 4 7 1 5 5 3 5 3 5 1 7 9 10 3 8 4 6 8 2 3 8 6 8 4 5 9 2 4 6 5 9 3 4 5 1 4 3 5 1 1 3 1 3 2 2 2 10 6 2 3 2 1 8 1 5 10 4 3 4 3 10 5 8 9 7 5 4 3 6 2 2 10 7 6 2 3 8 10 7 2 5 6 5 10 8 7 9 8 7 7 1 1 2 1 2 2 5 9 10 7 6 4 6 3 1 2 6 9 2 4 4 7
TheTexasChainsawMassacre 2 4 2 4 6 3 5 5 8 5 10 5 6 3 9 8 5 8 5 1 5 2 10 1 7 4 2 8 2 10 2 10 6 9 6 7 6 6 2 1 5 2 3 6 9 1 9 1 7 7 3 10 6 8 10 9 5 5 7 7 10 8 2 8 5 8 5 2 4 1 3 3 7 3 10 3 6 2 5 4 7 1 5 4 2 7 3 4 8 8 10 3 7 6 10 4 9 2 7 9 6 7 4 1 4 2 8 5 9 9 7 3 9 5 5 1 9 1 5 9
The39Steps 7 9 9 3 7 5 8 10 5 5 5 2 10 3 8 9 9 7 8 8 10 5 9 10 5 6 6 4 8 5 7 5 8 2 7 2 3 5 2 7 4 4 2 4 10 4 3 5 7 9 8 4 5 1 6 2 1 5 6 8 9 3 1 8 6 2 10 9 4 5 4 2 4 7 6 4 2 1 4 2 5 1 10 9 9 2 8 1 5 1 7 4 3 9 1 1 9 6 6 6 10 1 8 6 3 2 3 8 8 2 3 1 5 4 4 8 8 8 7 8
ChungkingExpress 5 6 9 8 9 1 10 9 2 6 2 2 3 6 9 9 1 6 1 9 2 8 3 2 1 2 5 3 3 9 6 1 1 10 9 2 9 3 1 5 4 2 7 1 2 5 3 8 9 10 2 2 3 9 7 7 9 6 9 5 1 9 9 8 7 1 6 2 10 8 3 3 4 10 1 9 1 5 2 2 2 3 4 8 10 2 2 8 6 5 2 1 6 10 6 3 8 3 3 1 3 3 10 9 7 10 5 9 4 6 5 1 10 5 10 10 5 8 7 9
JurassicPark 4 10 2 4 10 5 10 9 9 10 1 7 9 5 2 9 7 8 10 3 9 6 10 2 6 1 7 6 4 7 4 9 5 3 3 5 5 5 10 1 3 7 5 6 5 10 5 1 8 1 5 3 10 2 3 1 3 9 9 8 10 2 4 7 7 8 8 4 2 10 2 2 4 1 8 5 7 10 6 1 4 4 4 9 5 5 10 8 2 5 1 5 3 5 8 9 9 1 6 5 2 7 5 1 9 10 8 10 8 6 8 1 6 5 5 4 8 4 7 5
BerlinAlexanderplatz 10 2 10 1 2 6 10 10 5 1 4 2 3 2 2 5 6 1 3 8 10 7 1 4 8 9 10 5 6 7 6 5 9 4 3 1 9 9 4 3 9 10 7 2 5 3 3 8 7 4 5 3 5 7 2 5 2 10 4 10 8 5 3 4 7 6 5 9 7 9 10 2 3 5 5 1 8 7 3 9 10 2 7 5 1 2 10 9 3 2 3 8 2 5 1 8 1 8 3 9 5 4 9 6 8 1 5 10 6 2 10 7 7 5 5 8 4 8 8 9
TheBalladofNarayama 3 5 10 10 2 7 3 10 7 4 9 6 4 1 3 1 3 1 7 9 4 1 9 9 1 9 2 2 2 10 8 2 5 6 6 4 1 7 6 1 5 9 3 8 6 8 4 9 6 6 6 9 3 5 6 8 10 1 2 6 3 7 8 1 3 5 2 9 2 6 3 2 2 3 5 10 7 5 7 10 3 9 1 5 10 6 8 1 5 1 1 6 1 4 3 10 8 5 2 10 6 7 2 3 10 10 10 5 1 8 7 8 3 2 4 2 8 1 7 3
TaxiDriver 5 3 2 9 7 10 10 1 1 3 10 9 10 2 8 6 4 5 4 1 5 8 7 4 7 8 1 1 9 8 8 5 8 8 8 9 4 3 9 6 5 1 8 5 9 10 10 5 6 6 1 5 5 8 10 10 3 6 6 3 3 8 1 2 7 3 2 9 4 8 1 7 5 8 8 2 4 8 2 3 8 10 10 5 2 1 9 4 9 10 9 7 10 7 3 8 6 3 9 6 5 5 1 1 1 2 4 9 3 8 9 1 9 8 9 9 7 2 3 6
BadTiming 1 10 10 6 1 5 3 7 6 5 1 5 4 6 2 8 10 10 4 4 9 10 7 3 4 9 1 5 10 7 8 6 9 4 6 5 1 5 8 9 4 7 6 9 2 3 2 2 5 2 7 10 9 7 8 8 5 9 2 5 1 6 7 6 2 8 9 8 5 8 7 1 10 1 7 10 3 5 7 7 10 2 8 8 1 3 6 8 9 10 2 6 7 9 10 4 5 7 8 4 9 8 9 6 8 1 1 2 7 10 6 2 5 7 1 5 4 2 2 5
Nouvellevague 2 6 5 3 9 4 1 5 5 1 5 2 1 3 10 3 1 9 2 9 9 5 2 2 1 4 10 2 5 7 4 3 6 2 9 10 9 4 10 4 10 4 3 2 1 8 4 7 5 7 4 9 10 6 8 4 10 4 3 3 3 4 9 8 3 3 7 2 8 6 8 2 1 4 1 9 2 2 2 4 2 9 2 4 8 4 7 10 5 2 4 10 5 3 7 7 6 4 5 2 2 1 2 10 2 8 8 2 2 10 1 8 7 10 6 3 2 3 5 9
HumanityandPaperBalloons 5 6 3 1 2 5 2 8 6 9 10 6 6 9 8 4 6 1 1 8 5 8 7 8 4 10 8 4 10 5 1 2 3 7 5 6 10 10 1 1 10 10 9 4 10 9 7 9 4 1 8 5 4 2 9 6 5 10 9 10 3 6 4 7 10 1 3 2 5 5 6 10 3 2 4 8 1 10 10 5 1 3 8 9 8 1 5 1 2 9 10 2 4 10 6 10 2 4 4 5 7 8 8 1 10 5 10 5 1 4 3 7 1 9 10 4 2 5 10 5
Fargo 6 5 8 2 1 1 7 10 7 3 6 2 8 2 8 6 4 3 2 6 6 1 5 5 8 10 10 6 7 8 8 4 6 9 7 5 2 9 6 9 9 4 2 7 7 8 6 9 4 6 4 10 1 3 2 4 4 1 4 4 2 8 4 5 4 1 8 1 6 1 2 8 8 1 7 4 5 5 9 9 8 6 5 8 4 1 10 2 9 4 9 8 10 7 6 9 10 7 4 5 8 2 3 9 8 9 5 4 8 3 5 9 6 1 10 1 1 8 8 4
TheTinDrum 3 10 4 6 4 8 8 4 6 4 3 10 1 1 2 6 2 2 5 9 5 4 7 7 2 2 1 1 6 1 2 2 2 2 1 10 6 6 3 5 3 5 4 6 1 6 6 5 6 1 5 3 4 8 7 4 10 7 2 1 4 2 8 4 6 3 2 4 9 6 2 7 5 4 8 7 2 10 6 5 2 8 6 7 9 3 5 5 4 6 8 3 1 1 3 2 6 8 4 1 10 3 6 4 4 1 6 9 7 7 8 2 9 7 7 7 1 3 3 4
MiracleinMilan 9 8 4 3 5 7 8 3 5 9 8 9 10 2 1 6 4 5 10 4 10 6 8 5 8 6 1 3 1 7 2 1 3 6 5 2 1 9 10 10 10 10 10 10 6 2 3 7 7 7 1 1 6 4 7 9 9 6 8 8 3 8 10 6 2 3 1 8 1 10 9 6 9 7 10 9 10 1 7 8 5 2 7 10 5 7 10 6 5 6 7 10 6 6 2 7 10 9 1 9 1 8 8 6 7 6 9 10 9 6 1 7 10 5 7 7 2 7 9 2
12AngryMen 10 6 2 4 10 9 7 7 1 10 5 10 6 7 3 3 1 3 7 7 10 4 9 8 1 6 6 8 2 1 6 10 5 10 10 7 5 8 6 7 7 5 2 10 6 9 4 10 5 9 5 8 1 8 4 1 9 10 2 5 4 9 4 9 6 2 2 4 4 4 1 7 7 1 5 8 9 9 4 3 10 8 4 3 5 9 7 7 4 6 8 9 4 7 10 5 6 7 3 8 4 2 8 5 6 10 10 4 3 9 9 4 6 2 1 3 8 4 5 2
FoolishWives 6 2 3 7 8 10 4 5 4 7 4 9 3 6 9 9 6 10 10 7 2 7 4 4 4 7 9 7 8 7 8 9 3 9 7 9 8 6 1 8 4 1 1 3 8 10 6 10 10 9 4 5 10 6 9 6 3 10 7 5 5 8 9 3 10 8 8 10 1 7 7 2 9 9 10 1 8 7 2 6 3 5 9 7 6 7 6 5 5 7 1 1 3 1 8 10 6 1 5 4 7 3 2 10 7 2 8 10 5 3 10 8 2 2 8 9 1 3 10 2
TheThinBlueLine 9 9 6 3 4 10 9 5 4 5 1 6 10 9 3 3 4 9 5 5 7 5 9 9 10 1 9 9 5 7 7 5 3 10 9 9 6 7 1 9 5 1 5 9 6 10 6 4 8 6 2 2 2 3 5 5 3 7 3 7 1 10 8 10 4 6 5 10 4 5 3 5 3 5 9 1 1 3 8 5 4 7 9 10 7 5 1 5 3 2 2 3 9 3 7 5 9 6 6 9 5 10 6 4 2 8 6 8 2 7 10 8 1 3 7 8 6 5 5 10
MadMax_FuryRoad 9 4 7 3 3 2 4 1 7 3 8 7 5 9 7 6 1 8 3 10 4 1 3 8 1 8 1 8 10 2 7 10 10 8 6 1 8 7 4 3 7 10 4 2 3 6 5 4 9 1 4 4 6 6 10 7 8 7 7 10 3 2 1 7 5 8 10 2 1 4 2 4 10 6 9 7 6 2 8 4 1 3 2 4 9 1 7 8 10 3 4 4 2 5 3 8 7 9 10 3 2 7 7 4 9 5 1 4 3 6 9 7 1 9 8 2 7 10 10 7
AStarisBorn 7 8 1 2 2 8 1 2 5 6 10 4 5 1 2 8 7 2 8 10 3 5 1 3 3 1 1 2 9 2 2 2 7 2 4 6 1 10 2 4 6 5 6 5 4 8 8 6 10 10 10 5 1 8 3 9 7 2 6 8 5 1 7 2 9 4 8 4 1 3 3 8 9 7 4 2 8 1 9 7 4 3 7 10 2 6 3 8 3 6 9 4 6 10 3 6 7 2 9 9 10 10 3 10 10 10 9 9 9 10 9 4 8 3 7 5 5 10 2 6
Rocky 1 8 5 10 7 3 1 4 7 8 5 4 9 7 4 10 5 9 1 2 7 5 1 9 2 7 2 9 6 4 7 10 6 8 10 3 7 6 2 8 6 9 7 8 3 8 6 8 8 7 6 1 4 5 2 7 1 8 4 4 10 3 7 1 10 3 9 1 10 9 10 4 2 4 1 2 8 2 8 1 9 5 7 6 5 1 6 2 1 8 1 1 9 8 1 9 10 5 3 3 6 7 9 5 5 3 6 5 5 6 4 10 2 2 10 7 5 5 3 4
DoubleIndemnity 7 7 1 2 3 8 6 8 5 4 8 7 9 3 8 1 3 2 6 7 8 4 7 5 8 3 4 5 5 4 8 5 3 2 4 8 8 1 8 3 10 1 1 3 7 5 7 10 7 10 6 8 3 10 5 3 3 10 2 4 5 7 8 6 7 6 5 3 4 5 5 1 4 1 1 2 7 4 5 3 6 7 2 4 8 7 9 6 2 1 10 3 4 9 1 5 4 2 4 6 6 1 10 8 10 3 5 9 3 8 10 8 3 10 2 8 4 7 1 4
KnifeintheWater 4 7 3 8 5 10 9 2 7 9 3 1 1 5 6 2 1 7 3 2 10 9 4 8 3 8 3 2 4 5 5 5 1 6 9 4 7 7 2 3 7 7 10 9 10 3 8 8 7 3 3 9 5 8 4 5 3 10 5 9 5 7 5 3 7 9 8 4 1 2 10 9 2 10 1 10 5 2 9 6 1 8 3 7 5 5 10 6 10 9 5 10 8 9 10 2 6 6 2 8 10 5 1 4 1 7 4 2 7 10 9 5 9 6 10 3 8 5 8 4
HouroftheWolf 2 8 5 4 8 9 10 9 4 10 5 4 2 5 6 5 4 6 6 1 4 2 6 4 8 7 10 8 1 7 9 2 6 3 9 9 8 1 2 2 6 4 10 5 10 8 10 10 3 6 2 9 8 9 5 7 4 3 10 7 1 5 8 1 8 10 3 5 1 1 8 7 2 2 9 3 9 9 10 3 8 1 3 7 5 10 6 3 5 3 7 4 5 10 1 6 9 8 2 8 2 2 5 8 6 9 1 10 9 5 6 3 3 7 4 5 3 4 10 8
Reds 4 7 3 6 7 10 4 2 6 5 8 2 1 10 5 1 8 2 10 4 3 1 6 8 6 3 2 2 7 6 3 8 7 1 5 1 10 2 6 6 8 2 10 10 6 1 9 7 10 1 7 6 8 3 7 2 5 5 7 3 6 8 1 2 4 5 4 5 8 9 9 1 4 5 10 3 8 8 2 10 10 3 7 9 6 6 8 10 7 8 10 3 1 4 9 7 8 9 1 3 4 1 8 3 1 9 6 3 1 1 8 8 1 5 4 1 10 2 8 3
TheAgeoftheEarth 2 10 1 8 8 4 6 6 8 5 10 4 7 4 2 10 1 7 1 8 6 3 3 3 4 4 1 2 7 8 8 2 9 1 10 9 10 10 7 10 6 1 7 4 8 3 4 1 8 3 1 4 6 9 9 2 8 3 1 1 1 2 10 2 9 6 8 8 5 4 8 1 5 2 2 2 3 3 6 10 1 7 5 10 9 8 10 1 10 9 2 6 7 2 3 6 2 7 1 6 9 3 7 1 6 9 8 7 2 7 5 10 3 4 6 9 10 9 5 1
BlueVelvet 3 2 2 2 2 4 3 3 4 3 9 2 6 1 2 9 1 1 2 9 5 2 1 3 10 1 3 10 10 1 10 9 10 4 3 6 8 5 3 10 1 7 2 10 5 4 2 5 9 3 4 7 10 10 7 5 3 1 2 6 7 4 9 2 2 1 2 9 3 9 4 8 1 8 6 1 10 5 7 5 8 2 10 2 6 6 5 6 1 7 5 7 8 6 4 3 4 3 5 3 10 5 1 5 3 10 8 7 8 1 4 8 7 1 5 3 1 3 3 3
PulpFiction 6 10 7 10 2 8 7 10 2 3 9 2 9 3 2 4 4 1 8 7 2 9 3 5 1 10 8 6 5 1 2 10 7 8 9 4 5 9 4 6 2 10 10 5 7 3 8 7 8 5 2 4 8 7 9 3 2 1 9 4 6 3 9 2 5 1 10 2 6 1 3 3 9 1 6 8 10 1 10 1 3 6 8 1 7 4 3 9 7 7 7 6 8 10 6 9 2 8 10 4 3 3 6 9 9 5 1 10 7 10 6 2 8 4 8 5 5 5 7 9
LandWithoutBread 2 5 7 7 3 2 1 6 6 3 5 6 5 5 5 1 10 2 8 2 2 8 9 5 9 1 2 1 2 7 8 6 9 2 10 6 9 1 7 7 5 7 9 7 8 2 2 3 8 9 1 8 4 9 5 1 8 5 2 6 1 9 1 8 8 2 2 6 1 1 1 7 2 9 8 3 10 2 7 10 9 3 2 6 9 8 5 6 8 8 4 8 6 4 10 10 7 1 2 8 10 5 7 7 4 3 10 9 8 4 3 8 10 10 4 6 8 10 8 10
TheOutlawJoseyWales 6 1 6 5 5 5 1 4 1 8 4 9 1 9 5 1 6 4 1 3 5 7 1 3 6 4 10 10 8 3 10 5 8 3 5 7 2 3 10 7 2 1 6 4 9 3 6 8 4 8 2 2 1 9 8 5 10 3 2 4 5 1 10 2 9 6 3 5 8 7 4 9 8 7 3 1 6 1 3 10 2 10 7 2 1 8 8 2 8 8 2 8 8 8 9 7 2 5 1 5 6 1 1 1 8 6 10 10 2 10 3 10 6 4 1 3 9 6 7 5
Melancholia 10 6 6 10 3 4 5 7 3 7 5 3 9 9 1 7 6 8 10 10 8 4 3 6 6 7 7 4 9 9 3 4 3 5 8 3 2 2 8 3 2 5 4 10 5 3 10 9 9 6 8 1 9 7 5 6 5 7 2 3 3 4 10 9 5 10 3 4 4 10 10 6 5 4 2 10 6 4 3 2 3 4 7 10 10 9 7 4 5 9 5 1 3 10 2 7 7 8 8 10 10 5 10 7 3 5 8 2 9 3 1 10 6 7 6 1 8 6 4 1
Breathless 2 6 10 5 8 9 10 9 4 10 9 9 10 4 6 5 1 3 8 10 9 9 9 1 3 9 6 5 5 8 9 4 7 4 1 9 3 5 9 2 4 3 2 5 3 1 7 4 9 1 7 2 2 1 3 7 8 1 3 10 5 1 10 7 6 6 5 4 10 10 10 2 1 8 5 6 4 10 10 2 6 4 8 1 2 9 9 10 2 4 5 6 5 6 7 3 6 2 7 2 5 9 5 6 6 9 3 3 8 5 6 7 7 2 2 8 8 9 3 7
TriumphoftheWill 5 4 10 2 8 8 5 6 8 1 7 4 7 1 7 4 2 2 8 2 3 9 10 3 3 6 5 10 6 10 10 9 3 4 5 5 1 6 1 2 4 3 6 10 8 7 7 5 7 2 8 5 7 2 6 8 5 4 3 6 5 8 5 9 8 6 6 1 5 8 7 2 6 6 5 5 9 9 5 5 9 10 6 10 3 2 4 5 2 10 2 4 4 10 10 2 1 5 7 5 7 8 6 8 3 3 4 5 7 2 6 7 10 9 8 4 2 8 9 5
Partiedecampagne 8 9 3 8 1 2 6 6 1 9 1 1 5 8 10 2 9 5 1 2 3 9 3 9 7 3 2 4 4 3 4 6 4 2 8 2 7 4 1 1 2 10 1 9 1 5 4 9 3 5 1 5 9 3 8 8 5 2 2 1 1 2 6 2 7 9 6 7 10 3 4 5 9 6 9 10 5 10 5 5 10 10 3 8 10 3 7 3 5 8 4 8 7 8 1 4 2 10 8 10 10 7 9 6 8 7 10 9 6 7 4 4 8 5 2 8 10 1 5 4
TheBitterTearsofPetravonKant 10 9 1 5 5 7 3 8 9 1 5 2 6 5 8 5 1 6 2 9 1 10 8 10 5 9 7 6 5 9 10 3 1 4 2 6 10 1 9 6 5 4 6 9 3 8 4 3 4 2 4 9 7 3 2 3 9 8 10 1 5 3 9 9 10 2 9 6 1 8 8 5 1 1 2 3 7 1 10 5 6 1 4 5 7 8 3 6 8 2 3 2 9 6 7 2 2 10 6 3 5 5 9 4 8 6 5 3 7 3 1 6 6 6 5 5 6 4 2 4
TheNuttyProfessor 3 6 8 6 3 6 9 5 6 4 7 7 7 5 5 5 1 4 10 4 5 5 6 8 8 8 5 4 9 6 9 1 4 5 7 1 2 1 8 6 7 4 9 7 1 2 5 2 8 5 3 9 10 9 3 10 10 5 4 5 8 6 5 2 1 3 2 2 8 9 2 10 4 10 2 5 5 10 5 7 2 1 1 10 8 9 1 2 7 4 1 8 2 3 3 2 5 8 3 7 2 10 4 3 7 10 8 6 6 2 5 7 6 7 2 7 7 2 10 9
ShockCorridor 7 1 7 2 3 10 2 6 1 5 10 6 10 3 4 9 3 4 8 10 7 3 5 3 1 4 1 6 9 6 7 5 8 10 1 2 6 10 6 9 8 5 10 10 4 3 4 4 8 10 6 10 3 6 3 2 9 6 1 1 9 6 2 1 9 5 8 10 8 10 7 7 8 1 1 7 10 1 5 5 9 4 4 6 1 3 5 1 3 9 6 10 2 8 3 3 1 4 5 4 8 10 4 9 3 5 1 5 10 9 9 9 10 1 1 4 1 3 6 7
BringingUpBaby 7 9 6 3 3 1 9 8 9 7 9 6 6 8 9 1 10 6 1 5 3 5 8 7 8 9 6 5 8 2 9 9 5 3 7 7 8 3 5 3 10 9 6 5 1 5 4 4 4 6 4 2 9 3 9 6 1 6 8 9 8 8 1 1 2 4 5 9 10 6 6 6 7 10 8 4 2 6 4 5 2 9 8 10 8 4 5 3 6 4 1 1 7 9 9 6 9 4 4 5 4 3 1 4 6 2 10 8 8 10 8 7 1 7 9 2 1 2 1 9
Jaws 7 10 7 3 3 3 10 6 9 9 6 10 6 8 7 7 2 1 9 2 4 9 4 7 5 3 6 1 7 1 2 10 10 5 6 5 10 10 2 5 8 3 10 10 10 9 1 1 9 9 6 1 8 8 4 2 8 7 6 4 8 7 3 6 3 8 1 10 10 9 8 5 8 6 9 2 8 4 4 4 9 2 7 1 10 9 3 10 5 3 10 6 5 4 10 10 3 9 4 4 5 7 6 2 2 9 5 4 4 7 6 1 9 8 4 4 10 3 7 9
TheAsphaltJungle 7 7 10 1 6 1 1 8 6 8 4 6 5 8 1 3 8 2 10 5 7 9 9 2 5 1 6 3 5 5 5 3 4 5 10 4 6 3 6 5 1 10 6 1 8 10 5 6 8 4 4 8 4 10 4 2 8 6 3 2 6 5 5 9 5 7 5 6 3 8 7 6 3 8 5 5 9 5 4 5 3 10 4 1 5 4 1 5 2 7 1 6 9 2 1 6 8 5 10 8 5 4 6 9 2 5 3 5 2 3 6 7 4 6 9 7 6 5 4 3
LandscapeintheMist 9 10 8 7 2 6 6 10 6 10 1 3 5 10 7 6 7 6 6 3 3 4 6 8 1 8 8 2 8 7 1 6 9 3 7 5 6 6 9 4 10 10 3 5 4 1 1 3 10 3 2 5 2 2 4 7 5 1 5 8 1 9 2 10 8 8 7 1 7 3 5 9 6 10 10 6 3 3 9 10 10 6 6 6 9 5 1 4 6 3 10 10 2 6 8 6 9 1 5 1 1 7 6 9 5 7 5 9 1 8 5 2 5 3 6 1 10 3 7 6
TheApartment 3 3 7 5 9 10 9 4 6 9 8 9 3 3 7 5 6 4 7 1 2 2 10 9 3 7 9 4 3 8 5 10 5 5 5 1 8 3 6 3 4 4 4 9 3 9 10 3 8 10 7 8 1 3 6 4 8 6 4 6 2 3 9 7 6 10 10 9 3 3 10 8 3 10 9 10 9 5 1 6 7 6 5 2 7 4 2 5 5 7 4 10 2 8 3 6 2 4 10 6 3 9 5 3 6 7 10 3 10 7 8 1 1 1 7 10 6 8 3 6
The47Ronin 7 10 3 6 7 4 4 5 7 5 1 9 2 7 7 5 7 8 5 6 2 8 8 6 9 6 3 8 3 8 1 4 10 3 8 10 6 2 1 1 7 9 5 6 10 9 5 3 4 9 8 7 8 6 8 3 8 9 4 5 2 8 10 2 2 2 1 4 5 5 4 10 4 3 8 6 5 7 6 1 3 10 10 6 7 7 6 4 5 8 10 1 7 5 3 10 9 2 7 3 3 9 9 9 5 1 6 5 6 1 7 1 7 9 7 7 5 3 4 3
ShanghaiExpress 8 4 6 9 8 4 9 5 9 10 9 10 5 3 6 9 10 10 6 6 8 6 8 9 7 1 2 6 7 7 7 3 6 8 2 1 6 9 7 5 10 2 1 3 6 3 1 4 4 8 7 5 6 10 4 6 6 7 2 8 3 2 2 4 10 5 5 9 9 3 1 3 5 1 6 9 7 8 8 1 7 8 2 1 7 3 2 6 8 8 5 7 6 3 2 8 8 10 5 10 5 3 10 5 7 9 3 2 8 5 7 2 7 1 9 6 4 8 9 7
FiresWereStarted 6 1 9 10 6 7 3 2 1 7 10 3 1 8 10 1 4 1 4 10 10 3 1 9 3 10 4 7 3 1 9 3 4 4 10 9 1 5 6 3 10 6 8 3 2 2 10 9 9 3 4 6 1 4 7 6 1 5 3 10 10 4 5 4 7 1 7 7 3 2 8 2 8 10 8 6 4 1 2 5 8 8 5 4 7 6 1 9 8 5 7 6 9 6 1 5 8 6 5 10 7 8 2 3 7 1 8 4 8 8 5 2 9 8 7 4 10 10 7 7
Ikiru 8 2 4 5 1 1 5 3 7 8 6 8 9 2 7 10 5 10 8 5 4 2 5 8 8 4 3 8 8 5 1 3 6 1 2 1 3 6 7 5 5 5 1 8 4 7 9 2 10 4 7 1 5 10 9 8 6 1 8 7 6 1 6 10 10 3 3 3 10 5 3 10 9 8 4 3 9 6 5 2 4 3 2 9 3 9 9 9 9 8 4 10 1 9 3 10 10 7 9 1 10 4 1 7 9 5 6 6 4 5 6 4 10 2 1 10 3 3 1 4
Carrie 9 7 4 10 1 5 10 6 8 5 5 3 10 8 1 8 10 9 3 10 5 1 9 4 1 7 6 8 4 5 1 9 10 1 3 2 7 9 5 2 9 3 3 5 9 2 2 9 3 10 1 1 10 9 6 9 3 7 10 7 1 5 10 4 8 5 4 10 8 5 8 10 6 6 4 9 4 7 6 3 10 6 9 10 2 8 2 2 10 4 4 9 3 5 7 3 5 6 8 1 6 3 10 9 8 3 10 1 2 9 1 9 7 6 10 7 4 7 1 6
ListentoBritain 1 5 6 4 8 8 9 8 6 5 2 9 2 10 5 3 7 10 1 1 4 9 1 9 4 1 6 9 4 3 8 7 10 5 8 1 8 1 2 4 1 1 7 7 4 2 2 2 8 3 10 8 9 7 8 2 8 1 2 9 5 1 6 5 10 6 3 2 9 5 9 4 5 2 1 3 7 1 10 5 10 4 2 5 5 4 2 2 9 10 5 7 1 8 2 3 8 4 4 6 1 7 6 3 10 1 2 7 4 8 3 7 7 9 5 3 6 10 4 6
