GonewiththeWind 4 6 8 7 10 10 3 8 8 9 9 7 4 7 4 9 2 10 1 8 5 1 2 3 2 1 7 1 4 5 6 5 5 3 10 5 9 5 5 5 2 1 2 7 5 4 4 4 9 4 7 7 10 5 9 4 3 6 9 4 10 5 9 9 8 3 2 9 9 5 7 10 8 6 4 5 9 5 3 8 4 6 10 9 5 6 4 5 8 9 2 2 3 8 7 8 5 2 2 6 3 9 8 4 5 8 2 9 9 6 6 3 9 6 3 10 9 4 4 7
ToyStory 10 5 7 4 8 10 6 6 5 8 2 4 6 9 1 3 2 10 5 10 9 5 3 2 10 3 3 1 2 7 8 7 2 2 6 8 5 4 1 5 4 9 8 10 4 5 10 5 1 4 4 2 9 8 4 3 3 5 3 2 1 10 4 3 1 7 6 3 5 9 7 7 4 6 4 4 8 3 8 9 8 9 10 3 5 7 1 10 9 5 7 10 7 9 1 3 1 6 1 10 7 1 5 1 7 3 9 8 5 7 3 8 2 8 3 6 4 4 4 10
Platform 4 9 4 7 4 2 6 4 9 5 9 7 1 10 1 10 3 9 3 5 3 9 9 4 1 4 6 5 5 2 7 4 8 4 10 9 3 1 1 6 2 2 4 5 6 4 5 7 5 5 9 5 4 10 1 8 10 9 6 4 8 10 4 8 7 7 1 10 6 7 4 2 7 9 4 5 2 9 1 5 7 7 5 8 3 9 9 7 4 7 1 5 8 1 7 4 2 9 6 4 8 10 4 6 5 7 7 7 5 5 6 4 9 8 2 6 10 5 2 5
TheExorcist 2 4 3 7 8 8 5 7 5 8 3 3 9 7 9 6 8 8 5 1 8 1 5 3 2 7 2 7 10 3 3 2 8 1 4 5 10 6 2 5 10 4 3 10 2 9 7 4 4 6 1 8 10 5 9 9 6 10 8 7 8 10 1 10 6 1 1 9 2 8 6 10 3 6 10 10 2 8 7 10 8 6 9 2 1 6 7 6 6 2 1 7 9 3 10 1 5 9 9 9 9 10 6 2 10 5 5 9 9 8 9 6 9 3 5 6 2 3 2 4
Vampyr 10 2 1 2 8 10 8 10 7 6 1 3 8 1 10 3 6 6 1 3 5 6 2 9 7 4 5 2 8 8 9 9 10 2 2 9 9 9 4 7 2 10 8 4 5 10 1 2 10 3 1 1 8 8 5 9 1 10 1 5 6 6 4 9 9 5 9 10 5 6 3 3 2 2 5 6 9 8 10 10 5 6 1 3 4 1 6 7 7 3 3 6 4 8 10 3 3 3 7 9 4 5 9 7 1 4 9 9 3 4 8 10 2 7 1 9 9 1 7 3
Stalker 4 5 8 4 8 2 4 2 1 8 2 10 4 4 10 9 4 5 8 8 2 9 10 5 9 2 9 4 10 4 1 4 6 5 6 7 9 7 10 6 1 6 5 6 3 5 1 6 5 7 2 5 1 8 2 5 4 6 3 1 3 2 2 1 3 10 9 4 7 7 10 8 8 6 8 7 9 3 10 2 6 2 3 3 6 1 6 10 2 6 8 1 4 6 2 1 7 6 6 10 6 3 9 5 1 7 6 3 8 4 8 6 6 8 3 7 3 8 2 5
ManoftheWest 10 10 4 8 9 1 4 10 4 4 10 9 7 7 1 10 8 4 4 5 4 7 6 2 2 2 6 10 5 1 5 3 5 8 7 9 9 6 2 6 3 9 5 5 9 6 6 6 4 6 8 10 9 4 2 7 3 3 8 10 9 7 10 6 9 4 1 2 5 8 7 1 9 4 6 3 3 5 9 8 8 10 6 2 2 1 3 9 8 7 1 8 2 4 4 10 6 9 4 5 1 3 7 2 4 1 2 4 8 5 4 9 1 9 8 9 1 10 8 6
Nosferatu 6 2 10 2 6 5 6 7 4 10 3 2 5 8 3 4 3 3 1 6 7 6 6 3 9 8 2 10 7 3 1 5 6 7 7 1 5 3 10 10 2 6 4 8 8 10 10 7 10 1 3 1 8 10 5 10 7 1 7 1 4 6 1 4 5 8 7 4 9 2 9 4 1 3 7 7 4 3 7 3 4 2 10 7 10 2 7 5 4 2 9 8 2 2 8 8 7 8 7 3 4 6 7 5 6 9 2 6 8 3 4 4 1 7 3 5 6 1 10 3
TheElephantMan 9 10 8 10 2 3 1 1 1 3 10 3 1 5 8 2 3 2 5 9 7 7 6 5 1 7 8 7 9 2 7 3 2 1 5 7 4 9 8 7 8 5 1 7 3 10 7 2 5 9 2 4 4 3 4 10 2 10 10 9 8 6 5 5 3 5 10 5 1 3 10 6 9 2 3 7 2 8 4 4 1 2 2 1 7 8 4 2 3 3 9 4 8 9 1 5 4 4 6 10 1 7 5 1 7 2 6 10 8 4 5 7 10 5 6 1 4 1 10 4
Olympia 10 7 1 8 4 7 9 7 5 6 2 9 8 9 5 9 5 3 10 3 6 4 2 5 9 2 4 4 9 6 7 4 6 3 5 6 6 10 3 3 5 9 1 10 9 6 2 1 5 8 6 6 1 5 2 7 1 6 10 1 9 3 4 4 6 3 6 10 10 10 9 4 5 2 5 3 1 6 10 6 1 9 2 7 9 7 2 3 7 4 6 9 2 3 1 9 7 7 2 9 8 3 8 7 1 1 10 7 5 3 1 3 7 6 4 10 3 10 10 9
TheAsphaltJungle 8 2 10 6 1 10 6 7 2 7 5 7 1 5 4 4 7 5 7 10 10 6 7 1 10 9 6 7 8 9 9 6 7 10 5 8 3 9 1 10 7 10 1 6 5 7 6 9 4 8 9 9 3 5 9 1 1 7 4 5 3 4 9 10 5 3 8 2 4 2 9 1 9 7 5 7 3 7 10 2 8 10 2 10 10 7 5 2 7 7 10 3 8 8 4 10 7 8 10 7 7 8 6 3 9 9 9 2 7 4 4 8 1 6 1 6 5 2 6 10
ThatObscureObjectofDesire 8 6 5 4 2 5 2 4 7 8 1 9 2 7 10 1 6 10 2 6 10 5 6 1 2 2 6 1 3 4 4 4 10 8 6 6 5 8 2 7 10 7 7 6 4 1 9 7 8 9 8 2 8 7 9 4 5 1 6 9 10 1 1 5 4 4 2 2 5 10 1 9 8 10 10 3 5 9 10 1 3 8 4 8 10 3 5 2 5 10 6 5 5 4 2 7 3 5 2 3 9 2 2 6 5 4 2 9 3 1 9 2 8 9 1 7 6 10 1 5
Solaris 5 4 8 7 5 4 8 5 8 2 5 8 9 9 1 10 10 6 10 4 2 1 5 9 3 10 10 5 7 5 8 7 1 4 1 7 2 4 9 1 9 9 3 6 6 5 4 9 3 8 7 4 9 2 3 6 10 10 1 1 5 2 2 5 8 2 5 3 4 6 6 3 10 5 9 10 7 7 2 9 4 7 10 10 7 3 9 3 9 5 7 10 7 6 2 9 10 5 2 10 2 8 2 8 1 1 2 2 10 7 9 3 5 8 6 4 2 1 10 10
IntheRealmoftheSenses 5 4 5 5 2 6 2 2 6 7 8 2 9 7 6 1 9 3 10 7 8 6 2 9 9 7 5 1 7 2 3 4 6 5 8 10 7 9 3 4 6 4 8 2 4 8 3 4 7 8 4 9 2 5 1 8 5 7 3 5 6 3 3 6 9 9 5 4 5 8 10 4 6 6 3 10 5 4 9 1 10 7 1 9 9 5 1 1 3 9 8 8 1 3 4 3 1 9 9 6 6 6 4 10 10 8 9 9 10 3 1 4 8 6 7 3 8 1 7 4
TheShining 1 3 1 10 10 8 7 7 5 5 9 2 7 10 8 3 10 2 8 5 9 9 2 3 1 1 4 2 5 9 7 1 5 3 4 2 7 2 7 7 2 2 4 5 5 4 5 2 1 9 8 5 10 8 2 3 3 1 10 1 9 1 8 3 3 2 4 6 1 5 4 4 4 8 1 7 4 5 7 8 7 6 3 9 9 10 10 8 10 6 4 8 5 1 10 4 7 7 6 8 10 8 5 1 6 6 8 10 6 7 6 1 6 8 10 5 2 3 5 10
TropicalMalady 7 2 8 6 10 8 1 3 4 1 4 8 1 8 9 5 7 9 3 7 1 5 9 4 5 10 7 3 1 3 1 2 2 4 6 5 2 4 10 3 10 8 5 1 3 5 5 5 6 10 8 9 4 3 5 9 5 1 2 7 3 5 6 7 6 4 9 3 4 4 6 6 4 8 5 5 7 6 8 4 5 8 5 5 10 6 9 1 3 1 6 2 9 7 7 1 7 5 3 4 10 5 2 4 8 6 7 3 3 10 3 6 9 3 3 1 7 8 3 2
12AngryMen 10 2 10 8 4 7 4 7 5 8 2 5 3 1 3 9 1 10 10 8 8 7 8 10 8 6 1 9 9 6 7 10 4 7 6 3 4 7 6 5 4 7 6 10 2 3 1 4 6 8 2 7 6 1 1 5 8 6 7 9 10 6 8 5 3 6 6 9 3 7 2 2 3 9 3 8 7 5 10 7 8 2 3 4 7 8 8 1 4 9 6 6 5 10 10 2 5 2 1 4 3 4 6 2 8 10 7 8 1 5 7 5 4 3 2 3 8 9 5 6
DayforNight 3 6 10 4 9 6 2 4 6 1 4 9 7 10 3 1 6 3 8 10 8 8 9 6 5 1 3 8 2 4 7 1 5 7 9 7 8 9 5 9 5 10 5 4 3 5 6 6 9 7 7 1 1 4 3 9 6 1 10 9 8 8 8 2 8 4 8 6 6 6 10 10 10 7 9 7 7 5 8 9 9 3 9 9 10 5 1 10 6 2 1 9 2 6 2 5 6 7 5 1 9 5 2 9 8 5 5 2 4 4 10 10 9 10 6 6 9 2 3 3
Faces 10 2 2 6 7 2 5 5 3 8 4 6 10 1 1 8 4 3 2 7 3 6 2 10 10 6 8 1 9 7 4 2 10 10 8 9 9 10 6 1 4 3 6 3 9 9 1 7 7 6 8 1 7 3 2 10 2 5 6 2 3 10 9 6 9 9 6 9 1 6 9 3 2 3 4 6 4 1 2 9 1 8 7 8 6 6 3 1 2 5 10 1 6 9 5 3 7 5 1 4 4 1 6 6 8 3 8 2 2 8 4 9 8 9 1 10 6 7 4 3
Naked 5 8 9 1 8 10 2 5 8 9 1 3 6 4 5 3 6 4 3 4 10 3 4 9 2 10 10 6 10 6 8 4 8 3 10 9 2 6 5 4 1 3 3 2 3 5 3 10 4 10 5 10 9 7 7 2 10 9 6 8 9 4 6 8 3 2 2 6 9 6 10 9 7 6 7 8 8 4 8 9 3 1 10 1 10 9 4 9 9 10 1 8 5 1 1 5 3 1 9 3 9 4 9 8 6 8 9 10 9 9 2 7 5 7 6 3 9 5 8 5
TokyoStory 10 3 3 9 5 3 5 5 2 10 7 1 2 2 7 7 4 5 3 5 8 8 2 2 4 10 8 6 10 10 5 9 5 10 4 3 6 3 5 4 2 5 10 5 6 10 4 5 8 5 2 4 9 2 2 9 10 7 5 2 5 4 6 4 1 8 10 4 4 1 10 1 10 6 1 3 5 1 10 3 9 10 1 3 2 5 6 8 9 10 9 3 1 5 9 4 6 6 2 10 2 4 8 8 6 2 9 7 4 3 9 5 10 7 9 1 7 9 4 2
BonnieandClyde 4 8 2 8 2 6 2 7 7 3 8 2 4 2 7 9 10 2 5 10 6 9 9 9 6 9 5 7 5 4 5 3 4 3 6 6 10 7 4 7 9 7 1 8 1 8 1 6 1 4 6 10 4 2 8 4 4 9 3 3 6 3 1 5 10 2 10 5 9 1 5 8 8 3 2 8 7 1 1 1 6 6 1 3 1 1 6 10 2 8 1 9 5 10 10 9 2 3 1 8 7 7 6 5 5 1 2 6 5 8 6 9 3 5 5 1 2 7 7 7
Mononcle 7 5 7 10 9 8 6 4 6 8 4 2 1 7 9 5 8 2 10 10 1 6 3 7 3 2 2 6 8 3 7 7 7 9 2 2 10 9 2 8 2 7 4 9 5 7 1 10 1 9 7 3 5 4 2 7 9 3 6 2 9 1 1 2 8 8 4 1 5 5 8 9 2 8 8 8 6 4 3 7 10 9 2 1 6 10 8 9 5 4 4 6 9 8 6 4 7 3 3 5 5 4 3 2 5 9 5 1 1 7 4 3 2 4 5 8 10 6 1 6
Ghostbusters 9 10 2 4 9 7 6 6 1 1 4 2 1 5 4 2 8 4 1 7 5 10 8 1 2 10 5 2 2 5 10 10 6 4 3 3 4 5 10 5 1 3 6 10 10 6 7 4 8 1 8 7 5 5 8 8 9 9 4 7 3 1 1 2 5 6 1 10 9 3 1 4 2 2 1 10 7 8 3 7 7 5 6 8 9 2 1 2 6 3 4 4 1 3 9 6 7 8 7 10 2 1 7 8 9 1 10 2 5 7 7 2 6 6 8 2 4 2 9 2
TheBridgeontheRiverKwai 9 3 6 5 7 7 4 4 6 8 3 6 8 8 8 10 7 5 3 9 7 7 3 6 10 7 10 7 10 8 2 8 4 6 8 4 2 1 10 6 5 7 6 5 6 9 2 6 2 4 8 9 5 4 7 10 3 9 9 10 2 1 3 5 2 9 7 2 5 5 3 6 1 3 7 1 2 9 8 1 2 8 2 3 3 1 10 9 3 2 7 5 3 3 4 5 3 7 4 8 9 1 6 9 1 3 2 6 1 10 5 9 5 9 9 5 8 3 3 6
DazedandConfused 7 10 6 2 10 7 4 7 2 10 9 9 7 5 2 3 2 1 8 8 4 9 7 3 2 1 2 3 9 10 7 2 10 2 4 1 10 1 8 1 5 9 7 8 3 10 6 7 1 2 6 1 3 1 1 8 3 1 6 9 6 8 4 2 1 3 10 6 2 3 2 6 1 3 10 2 3 3 3 9 8 4 4 9 7 6 6 5 2 2 1 7 4 1 1 4 6 6 5 7 7 7 3 7 3 1 6 6 1 2 10 1 2 2 7 2 2 2 7 2
ThisisSpinalTap 4 10 6 9 6 3 2 9 7 2 2 7 6 6 8 5 4 2 4 8 5 8 2 7 10 8 7 5 8 4 10 10 10 1 9 1 1 9 2 5 1 10 9 2 3 3 3 8 6 3 5 6 6 1 4 3 9 8 8 2 1 2 7 7 3 10 1 10 6 3 6 4 9 3 2 5 5 3 5 2 2 2 3 8 8 4 10 8 2 10 6 10 6 5 5 2 3 2 1 9 2 7 1 5 10 8 10 2 6 1 3 6 4 3 6 7 10 5 2 5
StillLife 8 2 9 2 4 7 1 3 9 6 3 4 2 4 4 9 5 1 3 7 10 6 9 4 8 8 4 7 2 2 5 2 10 7 7 3 4 9 6 3 10 5 3 10 10 10 9 2 9 8 9 3 8 6 7 4 8 10 2 9 10 10 9 9 1 2 9 8 10 10 6 10 7 2 4 1 2 7 5 5 8 2 9 3 3 4 1 8 5 4 6 9 6 2 8 7 2 3 5 2 7 9 1 6 8 6 2 7 6 8 7 10 10 7 7 4 7 3 6 4
ThePhiladelphiaStory 1 8 4 1 9 9 5 1 1 9 7 3 1 9 10 5 8 4 9 9 7 3 3 7 5 2 6 2 4 6 3 3 6 10 1 4 8 6 3 6 4 10 4 9 4 1 7 1 2 2 4 10 5 3 4 10 9 2 6 7 1 10 4 9 2 2 8 5 4 10 1 7 8 5 3 9 7 2 8 4 4 2 7 1 8 8 1 9 7 6 10 10 1 6 7 6 10 6 6 10 9 1 2 6 7 5 4 1 6 2 2 2 2 2 3 9 3 5 8 10
ShortCuts 3 1 6 8 4 1 4 4 2 8 4 7 10 5 3 10 9 8 6 8 10 9 10 9 2 3 9 9 9 10 5 2 6 6 9 10 1 6 7 4 4 9 4 1 2 10 3 2 1 9 2 1 9 4 10 2 4 6 4 3 10 5 9 10 10 1 1 8 7 3 2 9 8 5 8 6 2 6 8 1 9 9 9 3 1 6 3 8 2 3 1 6 3 6 3 3 5 5 3 1 5 3 5 4 4 4 5 5 10 4 2 3 6 6 2 2 2 3 4 4
MyOwnPrivateIdaho 8 6 10 3 3 5 2 9 5 7 3 10 8 6 1 3 8 1 8 3 10 9 2 2 2 3 9 10 9 6 6 3 7 7 2 6 3 9 1 8 4 6 3 6 4 2 8 2 7 9 8 2 10 4 2 6 8 4 6 2 1 4 5 8 1 1 2 8 2 4 9 3 8 7 8 2 10 3 10 4 1 8 2 8 8 9 4 1 7 7 9 10 5 6 5 6 8 3 4 3 3 10 8 2 7 5 7 6 8 3 10 7 10 9 1 10 10 4 9 10
StreetAngel 2 8 9 9 3 1 2 7 10 9 9 5 3 2 2 8 8 1 1 8 4 8 4 4 5 5 8 2 9 10 8 9 6 9 7 10 10 2 1 5 4 7 7 7 3 9 8 3 3 3 7 5 10 7 7 7 9 9 9 8 3 6 6 8 4 2 2 2 3 10 5 1 2 5 7 9 5 8 3 3 7 4 2 7 2 2 8 10 10 10 4 3 10 8 3 9 1 4 8 6 4 5 6 1 6 7 2 9 6 9 9 1 1 1 9 7 6 2 10 3
ShadowofaDoubt 8 7 5 10 5 9 4 1 10 4 1 3 3 4 2 6 9 5 5 8 3 2 3 1 3 5 10 8 1 2 3 5 8 1 1 4 5 1 8 4 9 4 9 10 10 5 10 5 4 5 9 5 1 3 10 5 10 1 5 6 6 3 6 8 1 2 8 1 5 10 9 4 2 4 6 6 3 7 2 3 5 1 5 10 4 3 5 8 5 5 1 8 1 1 2 3 3 8 7 3 9 10 9 10 9 1 6 6 6 1 6 8 8 4 8 1 6 5 4 5
ForbiddenGames 9 2 5 7 5 4 7 6 8 10 5 4 2 7 9 10 6 8 6 6 1 7 6 10 3 9 3 5 3 2 8 1 5 1 8 2 2 8 6 7 10 5 4 7 4 1 7 7 5 5 3 10 7 3 10 1 1 8 9 9 10 5 2 5 7 8 8 5 2 1 4 1 3 6 10 6 5 10 8 5 3 4 7 4 8 8 6 5 7 10 6 10 5 5 6 2 1 2 5 3 5 8 5 10 3 10 4 6 8 2 1 3 1 1 3 1 4 10 2 1
PatGarrettandBillytheKid 7 5 2 3 6 8 4 1 6 5 8 3 2 1 1 5 7 2 1 5 8 2 9 1 10 4 8 10 2 5 1 5 1 2 6 2 3 10 2 10 10 10 1 2 4 2 5 9 5 6 1 6 5 8 8 9 7 4 8 1 8 8 3 2 5 10 3 9 10 3 10 4 9 1 6 7 3 4 9 3 3 5 6 4 10 7 3 8 10 6 9 4 7 4 2 8 10 1 10 4 9 2 4 8 1 9 9 4 9 2 8 9 9 8 4 8 4 1 4 8
Dogville 4 7 6 2 8 10 9 2 6 9 10 1 2 6 2 8 5 8 1 5 2 1 10 2 5 6 3 3 1 3 7 6 3 3 4 7 1 9 6 5 7 6 1 2 1 8 2 8 9 3 5 6 4 10 9 6 5 7 4 9 1 7 5 9 4 9 3 5 5 7 7 3 10 3 6 2 7 6 4 2 6 4 3 4 1 5 7 4 3 2 3 1 2 6 2 3 1 5 1 7 8 8 9 9 7 3 4 10 6 9 9 9 9 8 4 1 7 3 10 7
FataMorgana 10 9 10 10 8 6 10 4 2 7 8 6 3 10 6 10 5 3 7 1 4 2 8 6 10 10 1 3 3 4 1 7 6 1 7 2 4 3 10 5 3 6 1 5 2 9 3 10 2 10 9 7 7 9 1 1 5 6 5 4 3 7 1 10 10 10 9 7 9 2 9 2 1 2 7 1 1 8 7 2 7 7 7 4 1 9 1 4 9 8 1 4 9 3 2 6 4 4 1 9 9 3 2 1 1 9 5 10 5 9 5 2 1 8 8 2 1 1 3 4
ThePuppetmaster 3 1 2 3 8 2 1 9 3 8 1 4 6 1 9 2 1 2 9 4 5 6 6 9 5 4 1 9 2 1 7 5 2 3 4 10 6 5 1 10 2 8 9 10 9 8 10 2 5 2 4 9 6 10 4 8 6 2 6 5 5 4 6 3 4 6 3 10 2 8 3 10 6 1 3 4 1 8 6 8 1 1 2 6 2 9 9 10 5 10 5 3 4 9 10 1 9 2 1 8 10 10 8 7 8 3 4 4 2 1 4 10 4 4 3 10 9 4 5 10
PicnicatHangingRock 7 6 8 4 1 5 7 10 1 2 1 3 10 1 5 5 3 2 7 4 8 3 1 10 1 4 5 9 7 10 1 9 4 1 1 5 7 10 4 10 6 8 6 6 1 1 6 5 3 4 9 6 8 3 6 9 9 6 3 5 5 9 7 10 7 10 2 4 8 2 10 6 4 4 7 7 1 6 5 10 8 3 8 5 10 7 1 2 3 1 1 9 6 2 2 5 4 10 3 7 4 8 9 4 5 1 5 2 7 4 10 5 6 9 10 9 6 1 7 4
Dracula 3 8 1 1 7 10 2 3 4 9 10 5 8 9 9 8 4 10 3 7 1 5 8 3 10 1 7 8 4 7 7 5 9 8 9 10 10 4 4 8 8 10 8 9 5 2 8 9 10 9 5 4 5 10 7 7 8 6 6 5 1 4 5 2 3 8 4 10 7 1 3 3 6 1 10 4 1 10 6 10 3 4 10 10 4 3 3 1 4 9 6 6 1 2 6 3 5 6 5 7 5 5 8 5 3 4 10 2 9 3 7 10 5 2 8 7 8 4 2 8
TheRedCircle 5 3 8 7 10 5 2 10 3 2 3 4 6 3 3 6 7 8 4 3 4 4 7 3 3 10 4 10 5 2 6 8 4 2 1 3 7 9 7 2 9 2 3 3 3 10 3 6 2 6 3 1 7 7 4 7 8 7 3 5 7 1 6 6 5 3 1 8 5 10 9 3 8 5 3 3 8 6 4 6 2 1 2 9 9 2 6 4 5 10 1 4 10 6 3 8 8 9 6 8 2 4 7 10 7 1 3 8 4 5 2 6 9 7 8 10 3 9 7 6
ComeandSee 2 4 9 7 9 2 2 9 10 9 10 10 1 3 8 8 5 9 8 1 7 10 6 4 5 7 8 10 7 6 6 1 8 2 1 1 2 7 3 5 5 10 1 7 9 4 5 10 8 9 4 2 8 9 1 1 2 5 3 3 2 5 5 8 3 3 7 9 6 10 8 10 5 10 9 2 7 10 4 3 5 5 3 6 2 3 8 4 1 5 2 2 1 1 7 5 6 10 1 10 3 8 5 3 6 4 8 10 9 1 8 7 6 9 6 1 8 1 8 4
TheHeadlessWoman 9 3 10 2 2 1 10 9 6 6 5 2 2 5 7 3 4 7 7 10 1 4 4 5 6 9 7 8 6 6 7 1 5 7 10 1 10 9 4 9 10 6 8 6 3 8 3 2 5 4 7 8 10 4 5 9 6 5 3 9 2 9 5 6 6 10 2 9 6 9 3 7 10 7 1 1 9 3 8 3 5 4 10 6 1 8 3 6 3 8 4 4 7 2 7 7 7 7 2 3 9 1 10 3 2 3 7 9 2 5 7 1 2 6 3 4 6 5 4 6
Shadows 3 2 3 10 4 7 7 2 2 6 5 10 8 10 3 3 4 8 2 3 4 8 6 5 7 4 4 3 1 7 6 8 8 1 6 10 6 6 10 6 3 7 5 8 6 7 7 6 1 4 2 7 6 1 5 3 8 9 10 5 8 4 5 1 3 4 10 1 7 5 4 5 4 5 1 6 2 6 10 10 3 10 4 5 4 8 1 5 7 5 4 10 3 5 3 10 10 9 9 4 9 7 7 4 9 8 3 4 8 3 3 1 9 9 3 7 7 8 6 3
WeAllLovedEachOtherSoMuch 4 2 1 5 8 3 9 9 5 10 9 6 10 10 6 5 6 6 8 1 8 10 8 2 6 7 4 7 9 8 6 2 5 10 3 7 6 9 3 3 5 5 1 5 9 2 5 5 2 7 2 4 7 9 3 5 10 7 7 2 2 4 8 2 10 10 2 2 1 6 3 7 6 8 1 7 6 1 1 9 10 1 6 3 6 7 10 7 9 3 10 1 1 4 8 6 6 2 8 7 10 4 5 8 1 3 8 2 2 8 10 7 9 9 5 8 8 6 8 5
BicycleThieves 3 10 6 6 6 5 8 1 8 6 6 1 5 3 1 3 1 1 1 10 8 7 10 8 5 3 8 7 10 3 7 1 6 1 2 10 5 8 4 3 1 2 10 2 10 7 2 3 4 6 4 1 7 3 5 9 6 5 8 8 6 8 6 6 4 8 5 6 8 5 1 3 3 2 4 10 8 3 3 4 10 2 3 4 7 3 5 6 10 9 4 2 4 10 4 9 3 3 3 3 10 9 2 8 3 1 6 6 6 1 10 1 8 5 7 10 7 1 10 9
CatPeople 1 1 4 6 7 3 10 7 8 9 7 3 2 4 6 9 9 5 9 9 2 3 8 8 7 3 3 10 9 3 2 8 7 8 1 9 10 2 4 1 2 5 10 1 7 10 7 8 10 1 6 2 5 5 10 4 3 7 6 5 8 8 1 6 10 8 6 4 5 8 6 9 5 5 10 8 9 5 4 8 8 8 7 6 10 2 10 8 3 8 10 10 1 5 7 1 7 3 3 6 10 8 8 10 6 2 1 1 7 3 5 7 10 9 7 2 4 1 5 9
Safe 3 7 4 9 7 7 4 4 7 2 3 3 9 4 4 4 1 1 3 3 1 8 2 3 3 8 6 7 5 5 9 3 4 3 8 9 10 5 7 5 6 3 4 8 2 6 10 8 9 3 8 9 5 3 4 5 7 2 3 6 10 7 4 5 3 9 10 3 9 2 6 9 8 9 5 4 6 7 9 8 5 9 7 8 2 3 2 7 9 5 5 10 8 1 7 9 1 9 4 5 6 1 5 3 7 3 7 8 3 8 4 10 7 9 9 2 8 7 9 1
TheGoddess 10 7 2 2 5 1 7 2 6 3 10 5 8 10 6 8 2 1 5 6 3 7 8 2 9 9 10 9 8 7 10 10 5 4 3 3 8 2 7 6 7 7 8 8 7 3 1 3 7 10 6 5 8 3 4 2 1 5 7 10 1 1 6 5 8 4 2 1 8 7 8 8 9 1 5 6 6 2 2 2 8 9 5 4 1 5 8 2 9 2 7 8 2 1 10 1 2 4 1 4 3 1 2 3 8 2 1 8 9 8 7 10 2 6 4 6 5 8 6 6
BerlinAlexanderplatz 10 9 5 7 8 8 6 6 1 6 3 2 3 5 2 4 3 9 5 10 4 3 6 6 3 7 1 2 10 9 7 5 9 7 1 6 4 9 4 7 3 6 8 1 8 1 5 10 1 8 2 9 2 8 2 7 2 8 7 7 6 10 7 5 4 8 8 1 2 6 6 2 6 5 6 1 9 8 7 4 7 7 10 5 10 2 7 6 9 5 4 6 10 2 1 8 7 9 10 1 5 8 7 2 5 6 5 7 10 7 10 5 7 1 5 8 10 2 8 7
Paisan 7 4 8 10 6 1 6 4 9 10 7 6 5 6 3 8 8 4 6 10 4 10 9 5 1 1 2 6 6 7 1 8 7 7 5 10 7 8 6 7 6 9 5 5 9 3 7 8 10 8 4 1 5 3 8 6 4 10 1 8 2 1 4 3 2 4 9 10 7 7 3 4 10 3 2 5 9 6 7 10 2 5 8 9 1 6 10 5 3 4 10 7 2 1 2 2 3 4 2 7 10 1 4 3 10 1 10 5 6 1 10 5 8 10 4 2 5 2 6 8
TheMatrix 5 1 8 5 9 10 2 3 9 2 8 5 3 7 4 10 6 8 9 4 3 8 3 5 3 1 7 5 7 1 8 7 6 2 7 4 9 10 2 9 9 5 1 5 6 6 5 2 3 7 10 6 8 1 2 8 2 7 3 8 5 2 6 5 10 1 5 5 2 8 4 1 5 1 8 6 5 10 1 3 6 3 8 2 4 2 9 8 5 5 8 10 7 8 7 2 10 10 2 2 4 2 1 10 6 6 2 7 5 2 4 1 6 10 6 7 3 6 7 6
Stromboli 9 2 9 4 10 2 5 10 3 1 3 7 6 2 7 8 1 1 8 10 7 3 8 6 9 8 5 7 10 6 4 8 1 9 2 8 2 7 2 7 6 9 3 4 6 10 3 6 4 6 5 8 4 6 6 3 8 5 5 7 3 5 5 1 10 8 3 4 5 6 10 2 3 8 1 8 1 5 2 1 8 6 2 9 4 2 5 7 10 9 9 3 1 8 10 8 1 5 4 5 4 6 5 8 1 1 7 1 1 6 5 10 8 10 7 7 1 3 6 4
StandbyMe 6 6 2 9 5 5 2 3 9 10 5 1 4 9 6 5 4 1 3 10 1 2 9 9 1 4 10 7 3 10 5 8 2 7 2 7 3 8 10 10 2 3 8 8 8 2 3 5 5 6 7 9 4 1 2 10 7 1 8 10 7 6 7 5 1 1 8 8 1 6 10 8 9 9 2 1 6 2 6 9 1 10 9 9 2 3 1 1 5 6 10 9 7 10 3 4 8 8 8 8 10 9 6 2 10 6 5 9 10 4 1 5 2 6 2 2 9 1 2 10
LettheRightOneIn 10 6 6 5 9 7 5 4 5 4 2 6 10 8 5 1 6 1 2 6 3 9 3 2 2 10 10 2 3 7 7 5 3 7 3 5 6 2 8 1 1 7 3 7 7 6 6 4 2 9 7 8 6 9 2 10 1 6 10 5 8 10 5 3 10 7 9 8 5 9 3 5 8 3 7 6 3 8 2 2 8 6 1 3 8 8 8 8 7 5 3 10 6 9 2 6 6 4 7 1 2 7 7 5 3 3 8 7 4 9 10 2 5 5 10 9 8 2 2 8
TheHartofLondon 2 1 6 10 6 4 10 10 6 6 1 7 8 3 5 7 6 1 9 6 2 4 6 9 3 8 5 10 5 2 10 8 6 10 4 6 2 2 10 10 4 1 6 6 9 9 5 8 6 2 3 2 6 6 5 7 9 6 10 1 1 8 5 5 9 6 8 3 8 3 6 5 3 3 2 9 4 5 9 7 1 2 8 7 7 1 10 6 10 5 9 9 9 1 5 4 8 10 7 4 8 3 4 3 5 2 9 2 6 10 9 4 3 2 10 4 6 8 1 1
NightandFog 10 10 9 5 1 6 1 1 4 6 8 10 9 4 10 2 9 9 10 10 5 9 9 7 5 4 3 4 3 7 2 1 3 2 2 1 6 6 3 7 6 2 7 7 4 9 10 8 10 4 1 1 4 6 7 2 9 4 2 1 7 3 9 6 1 1 5 8 5 9 8 6 9 4 4 3 10 3 8 9 8 6 4 9 5 5 5 1 4 7 9 7 5 2 4 8 10 5 9 5 4 9 10 9 5 5 4 5 7 10 1 5 10 6 10 6 4 10 10 5
Amarcord 6 7 9 8 2 8 4 5 1 8 5 2 5 10 4 1 6 4 6 3 1 10 5 9 8 8 4 2 6 2 10 2 9 8 4 2 10 7 7 6 8 3 10 1 1 7 9 9 8 7 10 1 4 10 6 2 7 1 9 1 5 6 4 8 7 8 6 4 3 7 8 5 9 1 9 10 9 9 7 8 2 3 3 3 7 4 1 9 1 6 5 7 4 6 2 2 9 10 9 9 2 8 5 1 7 2 6 2 3 8 10 7 6 5 7 6 6 7 7 5
TheDoubleLifeofVeronique 10 4 4 9 8 2 2 2 9 5 1 3 2 9 2 8 5 4 7 2 8 8 2 8 7 5 9 4 2 8 9 9 9 4 1 1 7 7 7 4 6 1 3 6 4 2 1 9 8 4 7 9 8 7 3 2 8 2 6 6 4 5 5 9 6 6 5 8 7 1 4 9 2 4 2 10 7 3 2 5 5 7 9 5 2 9 6 9 3 7 9 2 5 9 3 6 2 9 5 8 2 8 4 3 5 4 9 5 2 4 5 6 4 1 6 1 5 5 3 8
TheLifeofOharu 10 2 8 7 1 2 9 3 5 2 6 5 9 4 1 7 10 3 7 1 7 6 5 8 2 5 6 2 1 2 10 4 6 8 10 1 6 9 4 4 2 5 2 2 5 6 6 7 9 1 10 10 6 5 1 7 6 1 7 2 9 4 7 9 1 1 7 3 4 10 10 7 5 3 3 3 4 8 3 8 6 2 4 7 2 2 5 8 2 10 8 4 3 5 3 9 9 10 6 5 10 8 6 6 6 3 10 7 9 8 8 7 8 3 2 9 4 5 9 6
TheAscent 6 10 4 2 1 3 5 6 10 6 8 5 2 7 2 2 1 7 4 10 4 5 3 10 2 10 3 1 3 5 5 5 5 2 6 2 1 5 5 7 4 4 6 5 2 9 9 5 1 9 7 8 5 9 6 4 4 7 3 10 10 3 6 5 4 5 8 7 10 10 7 10 5 3 1 9 4 7 4 1 7 3 2 7 3 5 5 8 2 4 7 8 1 10 9 9 9 9 7 10 3 7 7 6 7 5 9 9 5 3 6 2 1 6 9 2 1 8 7 1
TheMotherandtheWhore 6 1 2 10 2 6 7 8 8 2 2 3 9 9 5 8 1 6 10 1 2 3 3 1 7 10 5 8 6 2 10 4 3 2 10 2 2 2 10 6 4 2 3 1 2 1 1 8 8 6 8 6 7 8 1 1 4 7 4 4 8 3 4 6 3 9 9 6 10 3 10 2 1 3 7 7 8 6 6 4 2 5 5 10 7 1 7 3 9 7 3 3 8 5 4 10 6 1 5 9 9 10 7 8 2 6 4 10 7 2 2 8 4 7 1 1 9 2 5 1
TheRisetoPowerofLouisXIV 10 4 4 2 10 1 8 8 9 5 6 6 9 7 4 4 4 1 10 5 3 9 3 10 1 7 4 1 7 2 1 4 3 3 8 5 9 9 7 2 1 5 8 5 3 8 5 6 8 3 5 5 7 1 4 8 7 7 9 7 5 3 9 9 7 10 5 10 9 7 3 8 7 7 9 6 5 8 4 8 8 6 10 1 7 7 10 10 4 3 7 7 9 6 4 5 4 10 2 3 5 7 10 2 8 3 3 1 3 2 7 9 4 3 1 6 5 2 9 2
TheManWhoWouldBeKing 3 2 2 2 7 9 9 4 7 10 3 9 6 2 9 7 10 3 10 2 9 9 5 1 5 1 2 6 4 10 5 5 7 1 3 5 4 6 2 2 5 10 10 1 3 1 8 8 2 8 4 1 1 5 9 7 7 8 8 7 6 4 6 10 8 7 7 8 6 2 7 10 7 6 2 4 2 9 9 9 4 7 8 1 4 3 7 4 2 1 2 7 6 2 4 4 4 8 9 5 9 6 8 7 9 9 3 10 10 8 7 4 9 7 5 5 7 3 6 4
TheNewWorld 6 8 10 10 7 6 2 10 2 2 10 4 8 9 6 8 10 5 3 7 9 1 2 8 7 7 8 4 2 7 8 8 8 2 7 7 10 7 7 7 10 2 3 1 1 9 4 9 3 8 10 8 8 1 10 5 9 7 10 10 8 4 5 3 10 6 3 8 3 4 9 3 3 4 8 10 7 4 9 7 4 10 6 5 7 6 6 1 3 4 7 10 4 9 9 9 8 10 3 9 10 9 2 1 9 3 5 3 7 7 4 8 10 2 4 4 5 8 2 5
CodeUnknown 2 7 2 10 9 9 4 4 2 8 4 2 5 2 5 5 2 8 5 1 1 10 9 5 10 5 10 9 3 8 9 9 7 7 2 4 3 4 10 3 9 1 3 10 6 1 1 3 4 5 8 5 9 6 8 10 2 3 5 8 5 5 3 2 7 8 10 2 10 2 2 9 8 10 3 8 7 2 8 4 10 2 9 10 3 1 4 2 3 5 2 9 9 8 6 4 2 4 2 9 6 9 4 2 4 10 5 5 5 9 5 6 2 1 2 8 1 4 9 7
TheDaytheEarthStoodStill 3 5 3 6 9 1 1 9 9 6 2 3 1 1 5 2 5 1 6 2 7 10 5 3 7 8 9 2 9 6 3 7 3 3 9 2 7 2 6 5 4 5 3 4 8 6 4 5 5 9 6 1 1 2 5 9 1 8 8 5 1 9 4 9 5 8 8 7 7 1 8 8 2 6 6 4 3 5 8 9 8 7 8 2 7 8 7 5 1 9 10 1 10 5 7 7 5 5 8 8 4 9 5 5 6 8 8 2 4 3 6 10 3 8 7 1 9 3 5 1
TheProducers 10 6 4 3 9 10 5 6 4 8 7 7 10 9 1 8 9 9 9 5 9 2 8 9 2 5 1 9 7 7 8 2 5 8 2 3 8 8 9 3 5 10 2 9 3 4 2 2 4 2 4 4 5 4 1 9 7 4 6 4 1 10 1 6 8 8 9 10 5 8 4 10 8 9 10 3 5 9 8 1 10 5 10 9 9 9 10 4 10 2 5 4 2 10 1 2 9 7 10 2 2 10 3 2 1 10 10 9 1 5 9 2 6 10 8 1 3 6 5 6
PathsofGlory 1 8 1 7 1 3 9 2 10 3 6 3 7 6 2 4 4 4 6 1 8 4 9 2 2 9 2 8 3 5 3 6 10 3 5 7 9 1 1 3 7 5 9 1 3 3 1 7 3 2 7 3 1 7 1 5 4 2 7 4 9 4 2 7 2 9 7 2 1 7 9 10 3 8 6 8 6 3 9 3 4 1 7 9 8 4 1 7 3 10 8 7 7 4 6 1 10 1 6 8 10 1 7 4 1 8 8 3 7 7 7 1 8 10 6 2 1 6 4 7
Se7en 6 8 6 1 6 6 10 5 3 7 1 8 6 7 4 6 1 10 3 2 5 5 1 4 4 5 8 4 3 10 7 6 8 9 2 5 3 3 4 3 8 8 10 8 3 9 3 6 9 10 8 7 6 2 4 4 10 2 5 4 9 5 3 9 6 3 3 2 10 4 8 8 3 10 7 9 3 3 5 8 4 6 7 9 4 4 5 9 9 1 5 10 4 8 2 8 3 9 10 8 5 10 3 10 7 5 3 7 5 7 7 6 5 8 7 8 2 10 6 6
TheCircus 5 3 8 2 3 3 6 3 7 4 4 8 6 10 9 1 6 5 2 6 1 8 9 1 1 6 7 4 2 3 3 10 8 7 1 1 9 3 7 3 4 8 4 4 2 3 1 6 2 2 10 4 5 7 7 3 10 1 4 8 10 9 1 4 1 2 5 4 9 5 6 6 7 8 3 3 5 6 7 6 7 3 5 7 7 9 4 8 7 6 6 7 6 1 1 10 1 1 3 7 10 1 9 8 10 2 2 4 8 8 6 8 8 1 1 8 10 10 9 6
TheWildChild 7 9 7 10 3 8 8 8 2 7 1 9 1 8 7 4 8 8 7 4 6 10 9 8 10 9 1 8 10 10 3 8 10 5 8 3 1 9 10 6 4 9 9 3 4 9 4 10 10 10 10 3 8 8 1 1 1 7 3 3 8 7 1 3 8 8 5 6 6 6 4 10 6 1 4 5 5 3 8 9 4 5 1 5 8 10 4 2 1 2 4 5 10 4 7 10 2 5 4 5 10 7 7 9 6 9 4 3 9 4 4 5 10 6 8 10 5 6 1 2
3Women 8 8 6 9 8 3 7 10 3 8 2 4 10 1 4 9 6 4 4 10 8 6 6 10 8 10 2 2 8 10 3 6 9 4 6 1 8 3 9 2 5 8 6 5 8 6 6 7 2 8 5 8 7 4 8 3 8 10 1 1 5 3 7 8 2 3 3 4 10 4 8 2 5 5 1 3 10 10 7 4 8 7 1 10 3 2 4 3 3 4 4 8 1 8 4 3 1 7 1 6 8 1 1 4 5 4 2 6 5 6 6 3 1 3 8 1 8 10 5 2
TheLastEmperor 4 8 2 10 9 10 10 10 8 1 1 2 5 2 10 1 4 6 6 8 7 8 10 2 4 2 1 4 8 8 5 1 6 6 8 7 2 5 6 7 10 3 8 1 4 10 6 9 3 9 7 10 1 8 3 10 2 10 1 5 5 7 7 7 6 8 6 10 3 7 2 7 5 5 6 1 8 3 5 7 9 2 7 8 8 9 1 10 7 8 8 8 10 5 10 1 8 1 7 8 7 2 5 2 5 5 9 8 2 4 2 2 1 6 1 10 2 6 8 10
ZabriskiePoint 1 2 9 4 10 6 3 6 1 9 6 4 3 1 5 7 3 6 7 9 3 6 6 3 4 7 8 10 8 4 2 1 1 1 1 3 9 8 10 1 3 2 5 1 1 7 6 2 5 7 4 8 2 3 5 3 5 6 6 10 6 2 7 6 6 6 7 3 2 4 1 6 2 1 2 3 3 5 3 10 1 6 10 8 10 1 3 9 5 3 10 3 3 7 4 6 3 7 6 4 4 8 9 1 8 9 9 10 10 7 4 3 3 7 10 9 5 6 3 5
ThePrincessBride 10 3 6 6 9 10 4 4 5 3 3 9 6 3 8 5 5 9 3 2 7 3 3 9 6 7 3 2 7 6 9 3 2 2 10 9 7 4 10 3 10 7 9 5 10 8 3 5 8 6 6 4 4 2 3 1 5 7 5 5 8 5 2 1 7 7 10 3 4 3 1 6 4 10 4 8 5 8 2 2 10 4 10 9 10 1 7 7 7 5 8 7 3 6 10 4 8 6 4 3 8 7 5 4 9 7 10 2 9 9 5 9 3 2 6 3 2 10 4 2
ManofAran 2 6 7 9 8 6 4 4 1 9 3 9 7 6 3 8 1 5 8 1 10 9 2 3 5 5 5 10 10 7 5 1 4 6 9 8 9 4 10 2 4 3 3 7 3 1 8 7 3 6 4 10 4 6 5 9 4 10 8 7 1 5 4 8 8 8 9 9 6 5 8 6 3 10 6 9 7 9 3 4 1 1 2 3 8 6 4 2 1 7 8 9 2 3 9 4 3 2 3 3 6 8 5 10 3 2 2 10 10 3 1 5 7 8 1 9 1 2 2 9
TheRedShoes 7 7 1 6 5 8 10 10 6 10 4 10 4 1 2 3 9 4 7 3 1 5 1 4 3 1 3 2 6 3 2 7 6 1 9 2 1 6 4 5 6 9 4 2 4 1 3 9 6 8 2 10 6 7 4 4 5 6 1 10 10 7 6 6 5 2 7 2 6 3 7 4 5 9 10 5 2 9 3 3 8 6 7 5 1 2 10 8 8 5 4 7 4 2 7 9 7 9 8 5 5 6 2 1 9 5 8 1 6 9 2 8 3 2 3 6 5 4 8 8
SilentLight 7 6 6 5 4 6 3 5 10 2 2 10 8 8 10 7 4 4 10 2 10 8 9 4 3 3 10 10 7 1 6 9 8 7 1 6 5 4 4 7 3 10 8 5 3 7 9 9 7 5 8 9 4 10 1 4 8 3 10 1 2 7 7 10 1 10 9 2 9 8 8 1 3 2 10 3 3 8 8 10 1 8 5 2 10 3 1 6 1 5 2 7 10 6 10 10 3 3 10 5 4 8 7 4 1 1 1 5 5 7 3 6 10 7 4 7 10 9 5 7
LostinTranslation 5 5 3 1 7 6 1 1 3 5 4 5 3 3 2 4 10 3 4 3 4 5 3 6 5 9 10 4 7 10 5 10 1 9 9 5 6 9 3 2 9 1 5 5 2 9 6 1 6 1 3 4 5 9 6 5 4 10 9 10 4 9 6 5 10 9 3 3 8 10 5 3 5 2 3 8 2 6 1 10 5 5 1 9 2 5 10 8 1 2 7 10 4 6 7 3 3 6 3 3 10 1 10 3 8 10 3 2 8 2 7 5 6 9 7 4 7 3 6 7
TheGodfatherPartII 2 8 3 4 4 2 10 10 1 10 2 4 5 6 10 2 10 8 4 6 10 10 2 2 10 4 6 2 5 8 1 10 2 8 4 5 8 8 9 8 6 2 2 10 6 6 6 10 2 9 9 9 8 4 2 4 5 8 9 3 5 7 10 6 4 1 3 8 4 10 8 10 7 3 10 3 10 5 9 1 1 3 2 7 5 5 8 3 1 3 9 3 5 9 7 7 7 5 3 4 4 10 2 3 1 2 7 8 1 7 6 5 1 6 5 7 6 6 9 6
Zodiac 2 6 9 2 8 6 2 8 1 1 10 5 4 3 5 7 2 9 6 8 2 7 7 10 4 2 10 4 8 4 10 5 10 7 9 2 9 2 7 6 2 2 6 5 5 4 5 3 1 5 1 5 10 1 7 2 8 4 7 6 8 7 7 4 5 3 8 6 1 6 2 5 1 6 10 1 6 5 5 2 4 1 9 9 2 4 9 10 10 4 6 6 5 5 2 6 1 7 1 3 7 4 7 4 5 3 8 2 4 5 4 8 3 10 1 3 4 3 8 9
TheWagesofFear 4 1 10 6 10 4 7 3 7 2 3 3 3 1 1 2 3 8 8 10 5 1 10 4 10 6 2 5 10 1 7 4 3 4 8 2 4 8 3 4 5 4 8 10 9 10 1 10 5 7 5 8 7 4 9 9 8 8 1 9 10 8 6 6 5 10 9 4 2 7 6 1 7 2 7 8 3 8 9 9 5 8 5 6 1 6 5 10 2 2 8 3 9 6 5 1 3 7 2 9 2 9 3 6 8 5 10 6 10 2 10 6 2 6 6 1 8 1 10 4
TheWizardofOz 3 1 10 5 6 7 2 10 4 3 6 5 8 3 5 1 8 4 3 3 2 6 1 7 9 1 10 6 3 9 10 7 4 1 2 6 4 2 3 3 7 5 10 5 8 9 3 7 5 9 2 5 9 8 6 5 2 3 5 10 5 1 8 5 10 3 8 2 2 4 1 6 1 5 9 9 3 3 10 5 7 5 3 4 6 3 3 3 3 1 4 9 8 9 10 8 6 10 4 9 8 10 10 3 9 6 9 9 5 4 10 10 8 3 6 8 8 3 5 5
NightoftheDemon 1 10 1 4 9 7 9 4 2 4 7 5 6 9 1 7 4 4 5 3 4 2 8 4 8 3 9 4 9 5 9 2 10 7 2 8 9 9 2 2 6 2 7 1 8 8 5 8 1 4 5 7 4 6 8 5 6 9 7 10 9 3 10 3 6 3 1 1 1 5 10 6 8 8 4 7 10 2 8 1 9 2 1 10 6 9 8 1 1 1 8 5 4 1 3 1 4 1 7 2 7 7 1 5 9 5 5 10 5 10 6 2 10 3 4 9 6 9 1 3
TheCranesAreFlying 7 9 4 2 5 3 9 3 9 7 9 10 9 9 9 7 7 8 9 7 4 4 7 8 10 5 4 3 4 7 2 4 8 4 5 1 6 1 3 1 8 8 3 10 8 2 8 10 7 8 7 2 4 2 6 1 4 2 7 3 2 2 9 8 6 10 10 5 8 7 3 1 4 9 2 7 5 7 7 1 2 3 4 5 9 5 6 7 10 4 6 3 9 10 1 10 6 3 8 10 10 2 2 5 3 7 10 7 9 8 2 7 2 5 2 3 1 6 5 9
TheLordoftheRings_TheReturnoftheKing 4 5 9 6 1 9 2 7 4 1 9 2 5 3 1 5 4 3 1 7 6 4 9 5 10 7 4 6 2 5 9 5 2 6 9 7 10 9 10 6 1 5 6 2 8 2 3 1 5 6 9 8 4 7 4 8 8 8 3 1 2 4 9 3 7 4 1 10 7 8 4 9 5 7 9 8 3 10 6 4 2 9 1 7 8 3 3 10 3 6 4 2 8 7 1 1 2 10 8 8 10 3 4 3 7 2 10 4 2 3 8 2 9 7 3 10 1 4 6 10
PaperMoon 4 10 4 6 8 7 8 6 7 3 4 9 4 4 7 1 4 1 6 6 2 8 4 4 10 2 1 1 10 8 5 7 8 5 8 9 1 1 6 6 3 1 10 3 9 3 7 5 9 7 1 7 9 2 6 6 10 5 4 8 1 6 7 8 7 8 2 5 5 2 7 8 6 5 5 9 10 7 8 7 7 5 8 5 1 2 3 2 2 7 7 1 4 9 3 7 4 2 8 2 2 7 8 2 1 2 2 5 5 4 7 4 9 1 4 2 3 3 3 5
TheHustler 4 2 1 2 4 2 7 10 10 1 1 6 7 10 8 3 9 9 5 5 6 4 4 1 9 8 6 9 1 6 5 9 2 1 5 10 10 9 7 7 1 6 4 6 8 4 7 6 6 4 2 8 6 9 9 9 6 7 6 3 10 10 4 3 8 7 4 8 4 5 1 1 8 5 2 7 2 8 9 2 6 3 7 4 3 9 8 4 8 6 3 6 6 3 9 6 10 3 2 9 4 9 7 5 5 4 5 7 10 2 8 2 6 4 3 8 1 8 1 5
TheLadyfromShanghai 10 3 8 4 1 3 4 4 6 7 5 4 9 4 9 9 3 8 1 8 1 2 7 2 6 5 3 7 3 2 2 7 2 1 10 4 7 2 3 6 5 2 8 4 7 7 3 6 3 10 9 1 2 10 8 2 4 9 10 10 6 4 6 4 3 4 9 10 2 1 10 2 6 10 1 3 3 9 9 2 1 7 10 6 2 10 7 1 8 2 5 2 1 9 4 3 7 8 5 1 1 1 2 8 6 1 3 4 4 1 10 8 1 7 3 9 9 8 6 3
ColossalYouth 1 9 7 1 9 10 9 4 9 10 10 10 10 6 5 2 3 8 10 4 6 3 7 4 3 4 6 10 8 7 6 7 7 9 8 1 2 10 3 8 9 4 8 9 3 1 4 6 3 1 8 6 9 3 6 10 3 4 2 4 6 7 2 9 8 4 7 4 6 10 1 2 2 9 9 1 3 5 1 1 6 10 1 7 5 9 5 1 4 10 4 2 3 5 8 5 6 1 10 10 4 1 2 7 10 7 10 9 8 7 8 3 7 10 9 8 7 5 8 7
LateSpring 2 3 7 7 4 8 9 2 7 9 1 3 10 9 1 3 7 1 7 6 10 7 9 9 8 4 4 5 4 4 7 9 1 10 3 6 6 1 9 1 7 7 7 2 7 5 9 7 5 2 6 8 4 8 5 6 5 10 10 7 9 4 7 7 7 1 6 8 4 6 1 4 1 4 1 6 5 7 6 3 3 8 10 1 9 6 2 8 8 10 7 4 8 3 2 9 2 6 2 5 7 7 9 8 7 5 9 9 5 9 2 9 8 10 10 10 8 2 7 2
TheBestYearsofOurLives 1 9 2 6 2 3 6 10 9 5 3 3 2 2 2 8 10 10 9 5 4 4 8 5 1 2 4 10 10 4 8 4 5 8 10 1 7 8 9 5 9 6 9 5 10 6 8 1 4 1 4 5 8 2 4 9 3 3 5 7 9 8 1 3 4 6 6 9 10 10 9 9 4 6 8 1 8 7 4 1 8 6 1 9 1 6 3 4 2 3 1 2 9 9 5 4 7 2 1 4 6 3 3 4 1 4 7 7 2 7 2 3 3 7 10 8 5 4 1 1
MotherandSon 6 1 4 3 10 3 2 6 10 4 4 3 5 9 1 6 9 3 2 7 9 6 9 6 9 1 6 7 3 6 6 1 3 5 6 5 6 6 10 3 6 4 8 5 4 6 3 7 8 2 3 2 9 3 1 9 6 9 8 8 6 1 10 10 5 3 9 8 10 1 6 2 8 2 1 10 9 6 3 5 8 5 4 2 4 9 4 4 8 7 6 7 10 6 7 7 8 1 10 2 10 5 2 5 2 2 6 8 6 7 10 3 5 7 6 4 7 5 1 5
Daisies 4 5 1 3 10 5 2 9 2 6 5 4 6 1 9 3 4 7 8 4 6 1 5 7 2 4 3 2 4 4 3 5 7 9 1 2 3 5 10 9 1 4 9 2 5 8 7 6 6 3 1 6 2 3 3 2 5 6 1 6 3 4 8 9 10 10 9 4 2 9 5 10 5 9 9 4 2 3 4 8 10 4 7 7 10 9 7 10 6 6 3 5 3 8 10 2 1 6 4 5 3 4 7 5 7 10 5 6 8 2 9 1 5 1 8 2 5 5 6 7
The47Ronin 3 1 1 1 9 5 7 8 7 1 6 8 5 5 5 7 2 8 1 3 6 2 3 1 7 4 3 8 8 4 9 5 1 9 9 1 4 1 4 3 2 3 2 6 10 7 2 7 7 2 1 6 2 4 3 2 8 6 6 1 1 2 10 9 6 2 1 4 9 7 10 2 6 8 8 1 9 5 9 1 2 1 8 5 7 8 4 3 10 4 1 6 6 10 4 1 7 4 3 6 1 1 1 4 5 5 1 1 8 2 3 3 2 8 9 4 9 5 3 2
Othello 1 2 6 2 3 4 6 9 5 5 7 8 3 4 3 4 5 4 9 9 1 6 10 7 6 4 5 10 8 7 1 1 1 1 2 6 1 6 5 10 10 4 8 9 10 4 2 4 7 10 1 8 3 3 4 6 2 8 5 10 10 5 4 3 3 3 10 8 10 8 1 2 4 8 5 9 8 5 8 9 8 2 4 7 4 7 4 4 4 7 2 6 6 4 2 6 1 2 4 3 7 8 7 5 1 4 9 7 9 2 6 10 5 4 1 9 2 7 5 6
TheManwithaMovieCamera 5 9 3 2 9 4 1 6 9 5 5 6 7 4 5 1 10 1 1 2 7 7 8 1 10 2 5 6 8 5 7 9 4 1 10 10 10 4 2 7 2 1 3 5 5 9 4 9 7 2 10 6 7 1 7 2 4 3 1 7 1 7 2 7 5 3 1 7 2 8 5 2 4 10 1 9 7 4 10 4 7 2 4 4 1 7 4 6 10 9 10 5 10 1 1 2 8 5 8 5 2 8 1 3 8 5 9 8 10 2 5 1 5 8 6 9 5 6 9 8
GrizzlyMan 5 10 9 8 7 1 5 10 6 10 10 1 8 5 1 7 5 2 4 10 7 5 1 2 3 1 3 6 9 2 4 8 1 9 3 4 2 5 10 6 8 5 6 3 3 3 10 7 7 5 8 5 7 5 6 7 4 10 9 3 8 2 3 4 3 8 6 4 2 10 6 7 4 7 4 9 1 8 9 1 5 8 3 9 9 6 6 9 2 4 2 8 3 4 1 5 1 1 9 9 2 9 6 10 1 6 4 5 9 10 3 1 6 3 9 5 5 4 10 4
TwoEnglishGirls 2 1 10 1 1 3 6 3 3 1 6 5 10 9 5 7 6 8 7 8 2 3 6 9 8 6 2 10 5 7 1 4 3 1 2 6 4 8 1 2 8 5 1 1 8 2 2 4 7 4 7 5 2 8 2 4 6 4 5 4 5 3 9 8 5 9 7 10 1 4 2 9 10 3 1 2 5 8 10 1 3 4 3 8 5 4 1 3 9 2 1 1 2 4 9 2 4 7 7 8 4 1 10 6 10 1 2 2 10 10 3 6 9 5 2 6 4 7 4 8
IWalkedwithaZombie 4 8 8 10 3 5 2 8 9 8 5 3 10 1 1 1 10 3 6 6 3 10 9 8 9 5 2 1 8 8 3 6 5 1 10 9 5 6 9 8 5 3 8 1 9 4 3 1 3 8 2 4 2 6 10 9 8 4 6 7 2 3 7 4 5 5 8 3 1 7 7 4 1 10 7 6 10 6 8 2 4 6 3 6 5 6 8 7 9 3 9 6 2 4 2 2 9 10 1 7 10 7 5 3 9 8 3 10 4 5 4 2 10 6 5 6 3 9 4 9
Spione 8 8 8 1 5 10 7 5 4 3 6 7 3 9 4 8 2 9 5 3 2 4 7 10 8 5 4 4 4 5 8 1 3 6 4 1 10 5 3 2 9 2 5 9 10 3 8 3 1 3 9 5 6 9 8 7 1 5 5 5 1 7 9 2 8 7 7 10 9 10 2 6 1 2 2 9 1 4 1 1 7 8 9 7 5 7 9 5 6 2 7 2 7 4 4 1 9 8 6 5 2 2 4 8 4 7 10 1 4 5 2 6 1 5 5 8 4 1 10 3
BarryLyndon 3 2 6 8 8 8 10 5 6 6 7 4 5 5 9 7 7 7 7 5 8 3 5 4 1 5 7 1 3 3 7 9 7 8 2 2 7 9 2 8 8 1 1 4 2 5 1 9 3 9 6 7 6 6 6 9 4 5 2 8 7 9 6 8 6 5 1 2 5 3 8 1 10 10 1 10 4 7 8 4 6 10 7 5 10 10 6 5 7 9 2 2 3 2 9 2 7 3 2 2 7 7 6 7 4 6 3 7 7 4 3 5 7 7 4 9 10 8 10 6
NearDark 5 2 6 9 6 10 5 8 2 10 6 2 1 4 7 2 4 7 10 7 5 4 4 4 6 4 1 2 9 1 6 5 4 6 5 8 8 3 9 1 6 7 3 6 10 10 8 2 8 10 4 2 8 5 5 2 7 3 3 9 2 3 1 3 5 7 8 5 2 8 9 6 2 9 9 8 9 6 2 8 7 6 6 7 8 2 8 5 2 1 7 2 5 6 3 1 5 3 2 7 9 9 4 3 4 9 8 1 6 7 8 5 2 6 5 9 7 2 5 4
EdvardMunch 2 5 1 1 4 2 10 3 1 6 8 6 4 2 8 9 5 1 10 3 8 1 6 7 10 8 6 4 10 4 10 9 4 5 2 9 10 5 7 10 3 2 1 2 1 4 5 4 4 9 8 3 10 8 2 9 9 6 3 8 9 5 6 1 6 9 1 5 9 3 10 5 4 10 2 9 8 2 4 8 2 5 3 1 5 10 7 10 10 7 9 8 4 8 3 5 6 2 3 5 7 9 6 6 1 1 2 8 9 3 6 3 5 7 10 2 6 2 6 7
BartonFink 8 10 5 9 4 6 9 3 7 9 10 10 10 9 3 8 5 2 5 8 7 5 5 10 2 10 5 2 6 9 1 8 9 3 8 10 10 2 1 8 8 8 5 3 8 8 5 1 1 3 10 10 6 6 10 1 9 6 4 4 9 8 8 6 2 9 9 8 6 3 10 10 6 5 6 2 1 10 5 6 3 2 8 1 4 1 5 7 9 3 7 7 4 10 5 2 5 2 8 9 2 9 4 4 9 5 2 2 4 2 6 9 9 1 10 10 1 5 9 1
Memento 7 3 10 6 9 5 5 5 10 2 7 4 2 6 1 6 7 2 9 10 8 4 7 4 5 4 10 6 4 8 4 6 7 8 1 7 1 5 10 6 3 6 1 9 3 2 2 4 10 4 6 2 8 9 2 9 6 1 5 6 8 3 2 1 2 4 9 8 4 9 9 9 5 7 5 5 10 6 3 4 2 1 7 8 5 4 9 2 10 3 4 5 4 10 10 4 7 5 7 10 8 3 6 6 3 4 4 4 1 10 3 10 6 6 10 2 5 9 6 9
Mouchette 1 8 2 6 5 7 2 3 9 3 5 5 5 4 7 3 3 9 10 2 2 3 1 5 9 9 8 4 9 5 10 8 5 1 3 10 9 7 7 8 7 7 2 2 1 9 4 6 7 7 9 7 2 10 2 10 1 5 2 5 3 9 7 8 4 9 5 7 9 2 8 8 6 6 6 3 1 3 7 1 6 2 9 1 10 1 4 7 10 2 10 1 8 7 9 5 5 9 3 7 1 2 4 8 1 4 4 3 2 2 8 7 5 9 2 9 1 6 4 8
BarrenLives 10 9 6 7 1 10 1 8 5 4 5 7 3 10 8 2 5 8 3 1 2 4 10 5 3 8 7 5 6 5 9 8 7 4 3 4 4 4 6 3 7 5 4 3 8 1 3 9 7 1 1 5 3 2 7 1 4 4 5 2 2 6 8 6 3 4 9 2 9 8 5 10 3 7 4 6 9 3 8 1 6 3 1 10 4 1 5 3 9 7 8 5 10 7 6 10 7 7 9 7 7 4 2 5 1 9 8 1 2 9 5 9 10 3 5 7 10 2 9 4
AMatterofLifeandDeath 2 2 9 1 4 5 6 6 5 9 6 9 7 4 6 5 3 2 10 3 6 5 4 8 6 1 1 1 6 1 5 5 5 5 9 6 4 5 8 9 4 3 1 6 4 9 3 8 9 1 9 9 8 4 5 1 2 10 8 10 6 8 3 10 2 5 4 10 10 5 7 9 9 10 2 7 8 1 7 5 5 6 4 7 8 2 7 4 7 10 10 10 6 9 2 3 7 6 1 5 1 9 1 8 2 10 4 5 6 8 9 1 2 9 7 6 4 4 9 4
TheyWereExpendable 3 3 4 8 6 2 9 10 5 2 10 1 10 8 2 1 6 7 4 3 4 4 9 9 4 10 1 9 6 3 8 10 4 10 5 10 4 6 1 6 4 2 9 2 2 1 9 1 3 6 5 7 3 10 7 2 3 9 6 8 5 9 7 2 10 2 2 2 2 5 4 6 1 7 4 7 4 1 8 9 6 1 2 6 7 10 2 6 8 1 5 10 7 8 5 3 8 1 2 7 6 10 10 8 10 8 5 7 4 3 5 2 7 6 4 4 9 2 7 7
HappyTogether 4 2 8 10 9 4 5 5 7 8 8 8 2 4 5 5 2 10 1 3 7 9 8 9 5 7 6 9 2 4 8 5 2 2 3 1 7 6 8 9 6 6 8 8 3 6 9 8 6 3 5 4 7 7 5 9 8 8 4 6 10 3 5 4 5 4 9 5 6 1 2 7 4 10 5 3 5 5 1 8 8 4 8 8 9 5 8 3 10 3 10 4 5 6 7 2 8 3 4 6 5 6 3 9 9 7 4 6 2 8 4 2 6 7 3 1 8 4 7 2
FiveEasyPieces 9 2 8 2 9 1 1 7 10 2 5 4 2 1 2 3 5 10 5 1 5 6 3 5 1 10 7 4 3 9 6 8 3 1 3 4 3 7 2 10 4 2 2 1 2 1 9 4 3 8 1 2 6 7 8 2 10 2 4 3 2 9 6 9 1 9 10 6 6 5 10 8 1 1 3 6 9 3 9 2 4 2 4 3 2 3 4 5 5 8 4 1 9 5 6 9 8 5 10 7 2 1 5 3 9 5 1 2 3 5 10 7 3 4 10 9 10 4 3 10
Ninotchka 3 2 7 4 3 5 8 4 5 2 7 2 1 6 6 8 10 4 4 9 2 2 2 1 9 9 7 9 6 7 6 1 9 9 7 3 2 9 7 4 10 2 9 6 9 8 4 8 7 10 10 1 6 1 10 2 7 2 4 7 1 1 1 5 9 9 6 7 1 8 7 6 9 7 1 1 9 3 1 8 10 5 3 6 8 5 2 4 7 2 10 6 6 2 5 1 7 9 7 6 7 7 8 4 2 8 5 9 9 3 5 4 6 4 8 9 9 9 1 10
AWomanUndertheInfluence 1 8 5 7 4 1 2 2 7 8 1 4 6 7 8 6 2 3 3 3 8 6 10 6 5 4 9 7 8 3 6 1 10 3 7 10 4 6 1 4 3 10 5 3 6 1 3 2 2 5 2 4 6 4 2 5 10 2 3 3 7 9 7 3 4 7 4 7 9 7 9 8 8 7 3 4 1 4 4 9 4 4 8 6 5 2 8 7 5 4 9 6 8 9 10 9 2 8 10 3 4 6 5 9 1 2 5 7 5 1 10 10 3 6 5 8 6 4 3 9
ToukiBouki 1 6 10 8 10 8 4 6 10 7 9 8 7 6 4 9 1 1 1 5 1 10 2 9 3 10 4 5 10 2 4 7 10 5 3 9 2 7 2 10 8 3 1 8 7 6 3 2 8 2 1 4 7 3 7 10 7 8 2 10 4 1 6 10 8 3 6 7 4 2 1 10 3 9 5 5 5 4 2 6 6 7 5 5 1 10 8 6 7 1 4 2 2 1 1 4 3 8 2 6 7 1 4 7 9 9 10 3 10 7 9 1 10 4 2 5 6 8 6 2
EternalSunshineoftheSpotlessMind 8 6 3 9 6 10 9 6 4 8 6 4 4 2 3 3 8 6 7 3 7 6 2 5 5 6 3 6 10 8 5 9 4 10 4 4 2 3 9 2 8 6 4 1 7 1 8 3 7 4 10 9 9 1 9 5 1 10 4 3 6 1 9 1 3 3 9 2 7 10 9 2 7 7 8 10 3 4 9 8 10 10 1 9 6 9 4 2 7 6 5 5 8 5 3 2 2 1 4 7 7 2 5 3 3 1 4 7 7 6 4 6 5 9 5 1 8 7 5 6
TheBirthofaNation 9 5 1 9 3 3 7 1 5 8 3 7 7 7 6 4 2 7 7 3 1 7 6 2 8 1 1 6 1 6 1 3 4 1 1 5 5 8 2 2 1 4 1 3 8 4 10 3 6 10 9 6 6 4 9 8 4 7 9 5 4 3 6 8 9 10 2 3 8 9 8 4 3 2 4 5 7 9 8 3 6 8 2 4 3 3 8 1 6 2 6 10 7 5 5 6 10 4 8 9 2 2 4 6 2 3 1 6 2 5 2 3 9 6 7 7 3 9 6 3
TwentyYearsLater 1 6 10 8 5 3 9 7 4 10 4 4 2 7 1 8 8 4 10 6 5 2 10 8 2 3 9 9 3 10 2 6 10 2 8 5 9 10 6 7 8 10 5 5 1 7 4 10 7 7 6 9 3 3 9 1 6 8 2 7 10 9 10 5 6 2 2 7 10 1 9 4 1 3 2 8 4 5 9 8 4 8 6 2 7 1 6 2 9 5 9 5 5 4 2 7 1 3 10 1 8 7 9 4 7 8 5 8 8 10 7 7 10 7 5 7 7 3 6 10
Kagemusha 6 4 3 2 5 5 1 5 1 5 10 2 4 9 3 10 5 6 5 8 5 4 9 4 6 9 9 6 4 10 5 6 6 5 6 9 8 9 1 5 6 6 2 6 7 7 6 6 7 8 2 3 4 2 2 1 8 3 5 7 4 9 7 1 2 9 10 2 10 8 5 3 5 2 3 9 8 3 3 3 4 1 7 4 2 9 1 1 5 10 8 5 3 9 1 3 5 7 4 9 1 1 1 8 3 6 4 10 9 2 2 2 3 6 6 10 5 7 5 3
CitizenKane 5 2 8 4 5 5 5 6 2 10 9 9 7 2 4 1 10 2 9 8 2 7 3 7 9 10 2 4 9 7 7 10 8 10 6 8 1 8 8 10 5 3 1 8 1 8 10 8 3 7 4 8 2 2 10 8 7 5 1 10 8 8 2 9 5 6 2 8 9 7 5 3 5 4 7 7 5 4 3 9 10 5 7 8 10 9 7 6 2 9 2 1 1 4 6 3 2 4 4 2 10 8 10 9 2 10 3 3 5 5 2 1 2 9 9 6 7 6 5 4
SweetSmellofSuccess 5 3 7 5 8 6 5 1 7 1 6 6 8 9 1 10 2 4 2 9 4 2 3 10 10 4 2 1 2 4 3 6 8 3 5 4 7 9 10 2 7 10 9 6 6 7 5 2 4 5 4 8 9 1 5 4 3 3 3 7 3 2 6 5 6 2 10 9 8 3 6 5 6 1 7 2 7 4 6 9 6 2 6 1 9 4 7 9 6 6 2 3 10 6 4 6 10 9 3 8 3 6 3 8 1 9 7 4 1 3 9 5 10 6 5 3 4 10 1 4
TheFrenchConnection 7 1 7 4 10 8 9 1 2 1 10 2 3 5 4 4 6 3 4 3 3 9 2 9 1 6 4 8 3 6 1 1 6 9 9 5 8 9 5 9 1 5 1 9 10 7 8 6 4 9 9 10 10 10 2 1 8 3 3 8 6 1 8 10 7 10 5 2 3 9 7 9 2 9 3 4 2 6 2 8 3 5 9 10 2 7 6 3 1 2 8 4 1 3 1 6 3 7 9 5 9 6 10 4 1 4 10 8 3 9 7 7 10 7 9 7 5 3 3 9
Lolita 9 4 3 3 10 4 10 10 2 3 4 3 2 1 10 1 3 4 9 2 10 6 1 4 6 3 8 3 4 4 4 7 9 10 10 3 5 3 2 9 4 5 1 2 9 5 9 9 5 7 4 4 7 6 8 1 7 5 9 2 8 5 1 7 2 7 10 9 5 8 6 5 10 5 3 10 9 9 4 8 5 7 7 10 10 10 8 7 4 9 6 1 3 1 6 10 5 10 1 3 5 9 9 10 7 8 1 5 3 4 5 9 3 5 6 4 2 9 1 4
TheLastTemptationofChrist 1 2 3 8 2 1 7 3 2 9 4 2 1 2 3 7 4 10 3 10 7 6 8 10 10 3 7 5 8 5 4 3 5 10 7 9 7 9 9 1 7 5 9 6 10 10 5 2 10 2 1 10 2 5 4 5 6 10 9 2 3 8 4 3 2 6 9 4 4 8 8 1 1 10 9 10 8 10 8 10 7 6 6 5 4 6 7 8 4 9 5 6 8 9 4 8 1 1 4 1 7 2 2 6 6 1 7 9 1 3 10 7 8 8 8 8 1 7 3 3
RidetheHighCountry 9 6 7 5 4 10 10 1 8 2 6 2 10 4 7 6 10 7 7 7 7 9 9 3 8 1 8 5 10 6 4 9 5 8 5 2 1 2 10 6 1 9 4 1 9 9 2 5 9 7 3 8 10 5 2 6 3 9 9 7 1 8 10 3 2 1 3 3 5 1 6 8 8 7 8 8 9 10 1 1 6 3 2 4 6 4 6 8 4 3 10 4 2 5 1 5 2 6 3 1 6 2 6 10 8 6 8 2 9 6 5 10 4 8 5 2 10 3 10 7
CelineandJulieGoBoating 3 8 2 10 5 4 7 1 10 5 4 7 4 7 3 8 1 9 10 7 2 9 1 3 10 6 9 3 6 5 6 5 3 6 1 2 4 7 5 4 8 7 7 7 6 6 8 5 4 2 9 3 5 1 7 8 2 10 10 6 9 3 10 9 4 5 1 4 9 9 7 3 7 2 7 2 10 8 9 1 6 6 3 5 2 3 10 3 8 10 6 7 1 3 6 5 8 1 10 9 9 1 8 2 2 1 2 10 7 2 6 8 6 4 3 5 5 8 8 1
ItHappenedOneNight 5 8 6 6 5 1 6 6 1 4 3 8 6 10 9 9 9 7 3 6 1 2 1 1 4 7 1 7 9 5 9 8 6 4 4 8 4 3 8 1 5 9 3 7 1 2 2 9 9 7 7 5 8 1 3 4 4 1 10 2 6 7 3 8 4 1 10 10 9 4 5 5 1 1 8 4 9 8 4 7 5 5 3 2 2 1 5 10 9 10 3 3 7 1 7 8 5 7 2 8 5 5 6 9 4 3 2 1 4 7 2 10 10 1 3 4 9 1 3 4
TheBadandtheBeautiful 3 3 4 5 1 4 4 6 1 5 5 7 3 4 8 6 1 7 2 5 6 7 8 2 8 5 4 10 10 10 9 8 2 7 6 6 4 3 6 1 7 1 9 6 1 4 8 1 5 3 8 6 8 2 3 4 7 7 4 2 2 3 10 7 4 5 8 10 9 8 2 4 6 3 4 8 1 3 2 5 9 9 4 9 2 5 5 4 4 7 2 10 6 3 10 2 10 10 4 3 4 8 7 7 10 2 1 3 1 8 2 8 8 5 5 8 3 8 2 3
TheRulesoftheGame 10 8 3 5 7 1 4 5 6 4 4 10 5 9 4 3 9 2 9 1 5 1 9 2 10 6 6 1 7 1 8 7 6 8 9 5 6 10 1 3 7 4 1 6 5 8 7 7 3 2 10 9 8 6 1 1 10 9 7 7 3 7 6 5 8 9 4 9 7 9 1 7 10 9 9 8 9 2 10 4 8 9 8 8 3 2 9 2 1 8 4 8 6 2 2 10 6 4 1 4 2 10 10 5 5 2 9 5 3 9 4 2 7 10 2 5 7 8 7 9
SheWoreaYellowRibbon 10 6 9 6 1 1 8 9 9 4 2 7 7 1 2 2 1 8 3 8 7 5 5 2 5 9 6 6 1 10 7 3 3 1 4 8 10 10 4 6 6 7 6 5 8 2 7 3 8 5 9 5 6 5 7 5 3 9 1 1 8 10 1 5 10 9 6 7 2 6 1 1 10 8 1 3 8 4 9 7 1 5 6 9 8 5 6 10 8 4 9 2 5 4 6 7 6 3 2 5 4 3 5 10 7 10 4 7 4 4 8 3 1 8 5 4 1 7 3 2
NotReconciled 9 3 8 8 4 10 7 9 1 5 8 8 4 1 2 9 10 1 10 9 9 3 5 3 8 4 5 8 8 3 10 10 4 6 7 10 2 7 1 3 8 8 6 6 6 2 2 3 10 6 8 5 7 9 8 8 2 8 5 1 10 6 4 3 10 10 9 9 9 7 6 8 6 5 3 7 8 5 10 8 10 5 8 4 6 8 2 10 1 1 9 3 8 2 3 1 5 2 3 6 10 1 10 4 3 9 10 9 5 6 4 6 7 10 5 9 9 2 5 9
Z 8 6 1 7 3 2 7 9 7 4 8 2 5 4 1 9 10 8 7 8 3 5 5 6 6 7 4 9 6 3 7 9 5 2 3 4 1 2 3 6 1 8 3 7 7 3 10 10 9 5 9 8 2 6 8 6 10 3 8 2 6 10 8 2 10 4 5 7 4 8 2 5 1 4 5 4 5 2 7 4 4 6 3 9 5 7 5 8 7 10 8 2 2 10 2 8 10 4 9 8 4 2 7 1 2 9 1 9 8 8 5 5 3 9 9 9 5 4 1 9
DaysofBeingWild 3 10 9 2 8 4 10 5 4 9 1 8 8 9 1 4 3 10 5 2 7 6 3 1 3 8 4 1 4 1 6 9 7 9 7 9 2 5 6 7 5 9 10 8 1 3 1 8 4 2 8 3 9 6 9 9 3 4 8 5 1 7 4 7 10 7 3 8 2 1 9 6 2 10 6 4 8 8 4 4 8 10 8 5 7 9 10 3 5 3 8 6 6 4 3 10 1 1 7 1 4 10 10 8 1 2 5 4 5 4 6 8 6 1 4 10 3 8 1 7
BrideofFrankenstein 8 1 8 6 8 4 9 3 8 10 1 1 9 2 6 5 4 7 1 10 4 8 9 1 4 7 7 7 2 6 10 6 6 10 9 7 7 7 3 6 5 4 10 4 3 2 1 9 10 10 4 3 8 8 8 6 4 5 5 6 4 7 10 2 2 7 2 9 3 7 8 2 7 10 1 2 5 1 1 5 3 3 2 7 2 8 1 9 5 7 5 7 5 9 9 5 6 2 9 3 7 8 3 9 2 8 7 7 4 3 3 5 5 7 1 5 8 2 8 10
Melancholia 9 2 6 6 3 9 3 2 7 8 2 6 4 2 1 7 1 3 4 8 1 7 2 6 9 7 3 10 2 10 2 5 4 1 4 4 6 3 1 7 4 7 5 10 7 8 9 6 7 9 10 3 1 4 1 8 4 3 5 2 2 10 8 7 9 8 1 7 6 7 8 8 9 8 2 7 4 7 6 4 3 7 4 9 7 2 6 9 10 6 4 7 6 2 10 9 4 1 2 3 10 3 7 1 2 2 2 2 7 9 5 7 6 6 8 3 3 10 3 9
TheAwfulTruth 10 3 5 5 7 3 7 10 10 5 1 6 6 4 4 10 1 6 3 10 8 1 10 8 9 4 6 6 6 2 3 2 8 10 7 5 1 7 6 4 2 2 2 1 4 7 5 9 2 7 4 4 8 10 10 1 2 7 8 3 7 9 8 9 2 3 3 4 6 1 4 8 4 3 4 10 4 9 7 10 3 4 2 10 10 8 3 1 10 7 4 7 1 3 6 4 6 1 9 8 4 1 1 1 3 6 5 1 5 3 3 2 1 3 2 5 1 4 5 6
Pickpocket 2 3 2 6 7 9 10 8 1 3 4 2 5 1 6 4 1 4 5 9 8 9 6 5 2 5 6 2 1 7 6 9 10 3 6 4 2 1 3 1 6 6 1 5 4 4 9 2 9 6 8 2 1 2 3 10 1 1 4 1 6 5 7 9 7 1 7 3 8 10 6 7 4 2 1 8 8 2 5 8 3 5 2 5 5 6 4 8 8 6 2 3 8 3 1 9 3 2 1 8 3 3 10 9 8 5 7 4 6 2 9 7 8 8 6 4 8 5 8 6
RussianArk 1 9 9 8 6 9 9 8 6 3 9 1 7 10 8 10 2 8 5 10 1 3 5 3 1 7 4 3 9 6 10 4 3 8 6 6 10 6 2 8 4 7 7 7 8 9 5 5 2 10 5 2 2 5 3 7 6 4 10 3 4 6 6 9 9 8 6 10 7 7 1 1 4 5 5 7 8 3 1 9 5 2 10 10 4 7 5 6 9 1 1 6 1 7 8 8 3 6 2 9 5 5 3 5 9 1 10 5 4 1 4 8 2 1 6 2 2 10 7 4
TheDarkKnight 7 9 6 8 3 8 3 8 7 4 8 7 4 3 3 10 2 9 4 5 6 1 1 3 8 5 6 4 8 9 6 4 9 7 8 10 2 6 5 1 5 3 4 3 4 2 1 8 1 4 2 6 4 1 9 8 8 4 4 2 3 6 10 9 4 4 10 7 4 7 5 10 10 1 9 9 6 5 2 10 6 1 7 10 7 3 5 2 7 7 6 5 5 10 4 2 3 8 6 9 3 7 5 10 2 10 4 9 10 2 5 9 7 9 3 5 1 6 5 4
AWomanofParis 8 9 10 3 7 8 8 6 2 10 5 1 2 3 3 9 9 3 6 9 8 2 6 3 4 8 7 1 3 4 5 7 9 2 8 10 2 1 3 5 1 7 1 4 10 6 10 7 7 3 9 1 6 2 3 2 4 3 8 1 2 10 2 4 3 2 7 8 8 5 5 8 5 10 6 10 4 1 9 3 8 8 5 5 5 8 6 6 5 4 3 4 7 7 9 8 10 4 9 8 6 3 5 2 8 3 3 3 4 2 3 7 8 2 5 5 9 10 5 3
EyesWideShut 10 3 6 10 8 3 9 5 1 10 10 3 5 1 7 8 10 4 3 2 4 2 6 7 4 3 6 1 3 1 2 3 6 8 8 5 6 9 9 10 1 2 5 8 6 5 1 8 2 6 8 7 2 4 7 7 4 2 7 6 4 1 7 4 1 8 4 8 9 10 8 3 6 7 7 10 8 4 9 10 5 9 3 6 5 9 7 6 3 1 8 6 7 6 7 2 8 5 7 4 9 7 1 5 10 7 10 9 1 4 10 3 5 9 9 1 6 5 5 10
OddManOut 1 3 7 10 8 1 2 10 1 5 6 3 7 1 7 10 10 7 2 10 3 3 9 1 7 8 9 2 6 2 10 3 1 1 10 5 5 8 2 9 7 4 5 3 10 8 7 7 5 6 10 8 8 10 10 5 5 4 7 9 2 5 4 9 8 9 10 10 1 5 7 4 8 10 9 6 10 7 7 10 1 6 4 10 1 7 2 9 5 4 9 8 4 5 4 4 5 9 3 2 4 6 1 10 10 1 4 9 7 4 10 1 8 2 9 7 3 4 9 7
Lola 7 8 7 3 1 2 6 6 5 10 10 5 6 3 3 5 9 9 6 10 3 4 7 10 3 1 7 9 7 4 4 9 9 3 7 4 1 9 3 4 6 3 10 7 6 3 9 1 10 9 2 7 4 5 9 5 1 2 7 7 3 2 4 6 1 3 7 9 8 3 5 9 4 8 6 1 1 3 2 8 2 4 5 5 9 8 3 5 8 8 4 9 5 1 5 6 9 5 8 4 6 5 4 10 1 2 4 6 6 6 2 2 10 6 9 7 7 1 8 5
GunCrazy 9 9 6 6 2 9 3 1 7 10 2 5 10 1 7 10 7 2 7 7 8 8 1 1 8 4 4 7 10 6 10 8 6 5 10 1 4 5 1 7 5 3 8 6 1 3 4 9 3 9 1 1 9 6 2 9 9 2 2 1 4 8 10 9 4 4 5 8 1 3 3 3 1 10 7 1 2 8 1 6 5 10 7 3 9 10 10 4 9 4 6 10 3 8 1 3 8 5 7 7 3 8 5 6 9 6 5 3 10 7 5 1 8 4 6 8 3 7 6 6
TiticutFollies 3 4 2 2 3 8 1 5 8 5 2 9 9 4 7 4 8 3 4 1 3 5 7 3 8 4 6 7 2 10 7 6 1 6 7 6 6 3 2 2 2 3 9 4 3 5 9 5 3 4 1 10 5 1 2 1 5 2 1 5 1 9 10 6 3 5 6 1 5 5 8 8 3 10 2 5 7 6 6 8 2 5 1 2 4 4 2 1 6 7 6 8 3 10 1 10 4 3 8 5 3 6 7 1 7 4 5 2 10 3 8 9 1 2 10 10 6 7 1 2
LostHighway 6 10 10 6 3 7 10 6 1 2 7 3 3 9 2 4 3 10 2 10 3 1 2 7 2 1 4 1 6 2 7 5 5 4 2 6 1 3 2 6 2 9 9 2 4 5 6 6 8 9 4 10 7 2 8 6 10 4 10 2 10 6 2 8 9 9 3 10 8 4 2 9 5 6 6 8 8 8 6 2 2 3 10 1 2 3 10 7 10 10 3 4 5 8 9 1 6 1 8 8 6 3 9 6 4 5 8 7 1 9 4 9 3 4 3 2 4 5 4 5
AmericanBeauty 3 7 1 4 7 2 6 9 4 10 7 5 2 10 1 2 10 8 3 2 1 3 6 8 9 9 2 3 1 4 8 9 8 2 5 5 10 1 3 3 7 10 6 7 7 2 5 6 3 2 8 10 5 1 10 3 5 6 6 8 7 1 1 6 4 9 6 8 10 3 2 5 7 8 8 5 1 10 9 1 1 4 8 9 9 7 1 8 5 1 7 9 7 3 5 5 1 1 3 6 9 5 3 7 7 3 2 3 7 6 7 10 5 4 3 3 3 4 6 9
TheLastDetail 8 9 7 5 4 9 1 9 3 10 7 8 3 9 6 7 4 3 6 6 1 2 6 2 1 9 8 10 7 9 1 1 2 8 8 7 8 5 9 6 3 2 2 9 10 5 5 9 6 6 1 7 4 10 9 5 3 7 4 6 5 5 2 9 2 5 8 9 4 6 4 8 9 5 10 10 7 3 1 8 8 6 3 7 8 9 5 9 4 10 2 6 2 1 1 1 1 6 6 5 2 2 8 4 10 6 8 4 10 3 6 8 1 1 10 7 7 6 9 4
Nashville 10 2 3 5 9 4 6 6 9 8 9 5 1 8 1 6 9 6 3 10 5 8 3 3 1 7 4 9 2 9 6 9 9 2 9 7 6 8 7 5 5 6 5 9 3 1 6 7 3 4 8 4 3 7 9 4 5 4 9 5 9 4 10 5 9 9 4 2 1 10 6 10 8 8 5 8 3 8 10 7 4 1 9 1 8 7 9 4 8 5 2 8 6 7 4 10 2 5 1 6 1 10 3 7 4 7 5 6 7 7 8 2 3 2 6 7 6 1 3 1
Heat 10 2 5 10 5 4 9 2 8 4 9 2 10 5 10 1 3 5 3 9 5 7 3 3 10 5 9 2 9 5 6 7 1 1 10 6 4 5 8 8 4 8 2 8 6 9 2 4 7 1 1 8 1 2 4 3 8 8 1 6 1 2 2 1 6 2 5 10 9 4 6 7 2 4 3 5 2 10 6 7 3 8 8 8 1 2 7 1 9 4 6 9 8 8 2 3 5 9 4 8 8 6 2 3 5 1 10 10 3 3 1 1 9 2 1 5 3 9 8 6
CentralStation 1 8 10 10 8 1 9 6 8 6 9 6 1 1 10 8 3 3 2 4 6 3 3 6 9 1 5 9 9 3 5 10 2 4 8 7 3 5 10 2 2 3 2 10 9 10 2 7 4 4 7 2 10 1 6 6 1 7 10 4 4 1 8 3 4 4 5 2 5 6 10 9 6 9 6 10 1 8 4 9 6 9 2 1 5 9 7 2 6 4 2 3 2 9 6 9 7 8 1 6 8 9 10 3 10 3 8 10 6 2 4 5 6 2 4 8 8 7 5 4
PatherPanchali 10 2 10 2 4 7 10 10 4 10 5 5 7 3 8 3 6 6 4 2 7 4 7 7 7 10 2 1 7 3 7 1 6 4 9 7 7 5 3 4 4 4 7 1 4 4 8 7 5 5 1 10 5 2 8 9 9 10 7 9 7 10 3 6 3 4 6 1 9 2 4 5 10 6 1 2 9 4 9 7 1 3 5 2 3 9 1 1 4 2 6 8 1 9 3 2 5 6 10 6 10 1 10 4 7 2 7 8 10 9 10 5 6 2 10 10 7 9 9 4
TheUmbrellasofCherbourg 8 8 4 5 7 8 3 7 7 8 8 10 7 5 8 7 9 9 1 8 9 7 1 3 1 9 5 1 10 2 4 10 8 4 9 5 7 7 10 8 9 6 8 2 3 6 4 9 1 8 6 7 5 9 5 5 3 7 6 4 5 9 6 8 7 5 5 5 1 10 1 9 10 3 9 10 3 7 8 8 8 4 8 8 6 5 6 2 6 1 7 4 10 2 6 8 3 5 6 10 3 5 2 1 4 6 4 10 9 7 9 1 7 1 4 1 1 4 8 7
WagonMaster 7 9 2 6 10 3 6 10 1 10 10 1 8 2 9 1 3 9 2 1 2 2 2 6 3 10 10 8 7 1 9 3 2 4 5 5 9 4 6 6 6 10 6 8 1 3 10 1 1 1 8 5 2 2 6 4 3 6 9 3 10 8 1 7 6 5 3 4 2 6 3 8 9 10 9 10 4 10 9 10 1 3 4 4 9 10 4 5 8 6 5 1 8 3 2 3 5 1 1 8 4 5 4 8 5 3 6 8 1 6 1 3 3 6 9 1 10 1 2 2
TheColourofPomegranate 2 7 8 9 2 9 6 6 1 4 6 7 1 9 10 9 7 8 8 8 10 9 3 10 1 3 4 6 4 1 5 5 1 1 6 6 6 2 3 1 8 5 9 5 3 7 4 1 1 6 9 6 6 3 1 1 1 8 10 8 3 3 6 3 3 2 4 5 3 8 6 10 1 4 8 2 4 9 3 7 3 7 10 4 3 7 9 6 10 9 8 8 3 7 8 9 3 2 6 4 4 4 2 10 2 4 10 6 9 8 1 4 6 3 6 6 10 2 5 10
Manhattan 3 9 6 9 7 6 6 10 7 2 9 5 7 4 6 6 1 3 10 4 7 3 8 8 2 9 5 7 6 4 8 10 4 9 6 4 1 4 4 2 4 6 5 2 6 9 6 7 8 4 5 3 7 4 4 9 10 3 8 1 5 7 6 2 5 1 10 3 8 6 3 9 6 2 7 8 9 10 8 9 4 1 10 5 6 6 2 3 9 4 10 9 1 3 10 1 7 10 8 6 2 9 2 1 6 9 9 2 5 9 8 1 9 8 9 2 7 2 8 7
RedBeard 7 5 9 3 3 1 5 5 8 9 7 3 4 1 1 3 2 4 6 8 4 5 9 2 8 10 6 2 3 5 9 4 4 3 9 6 4 4 9 9 7 9 8 3 9 10 1 7 9 4 9 3 10 7 10 1 3 8 5 3 2 8 4 2 7 10 8 6 10 8 7 4 5 10 10 2 1 3 5 3 4 7 9 7 6 6 9 7 6 5 3 5 6 6 3 2 4 10 4 3 2 8 1 5 1 10 4 7 4 7 7 8 6 2 8 8 1 9 1 6
BlissfullyYours 6 10 10 5 10 6 5 4 5 4 7 1 3 10 3 2 9 2 7 9 5 10 4 3 8 2 5 5 4 3 10 10 9 10 2 7 6 4 4 2 8 4 7 3 6 2 8 8 8 6 9 1 6 1 5 10 6 4 6 7 8 6 6 6 7 8 9 3 4 5 3 1 9 8 10 6 3 5 1 9 2 9 1 1 9 2 9 8 10 7 7 2 5 2 7 3 7 4 2 9 6 7 4 10 9 1 4 7 3 9 6 10 7 4 3 8 3 5 3 3
TouchezpasauGrisbi 9 5 7 3 3 9 1 5 6 5 9 6 9 1 4 4 2 2 1 8 7 8 1 2 8 5 7 8 2 8 3 6 9 4 3 4 2 7 4 5 4 1 7 4 6 9 2 9 3 10 10 2 2 1 9 1 2 5 9 9 6 1 3 3 6 2 7 1 1 2 5 2 3 1 4 5 5 6 5 8 9 2 8 1 3 9 2 6 9 2 2 2 10 7 9 1 7 4 7 1 10 8 6 9 4 8 2 6 1 6 1 8 7 10 8 5 6 10 7 7
Nostalghia 6 8 8 2 7 4 9 7 6 1 7 1 9 4 4 1 10 3 8 5 6 2 8 3 5 9 8 4 4 7 3 1 5 8 3 1 7 7 7 8 1 8 5 8 1 10 6 4 7 4 2 1 8 6 1 1 5 1 1 4 7 1 10 6 10 10 8 9 1 4 7 4 2 9 1 10 10 10 2 10 10 10 2 2 5 3 3 8 4 10 4 7 4 7 1 1 3 1 5 3 2 4 5 9 2 4 1 6 3 8 3 9 2 10 10 10 5 8 9 7
TheThinRedLine 2 9 4 4 8 6 7 6 6 10 8 1 6 5 6 9 6 9 9 10 6 6 5 2 9 7 9 3 8 10 10 5 6 3 10 1 9 6 9 10 10 9 1 2 6 10 8 2 4 2 7 9 4 3 2 8 8 6 10 2 6 1 1 8 8 4 6 10 2 8 3 5 1 4 5 2 9 8 3 8 9 5 1 3 2 3 5 10 10 8 6 6 5 7 8 3 3 4 4 2 3 9 4 3 8 3 10 8 6 7 7 8 9 7 6 4 1 7 10 1
TheHouroftheFurnaces 10 6 4 6 9 7 9 7 3 8 3 4 10 4 7 8 4 5 9 9 10 10 2 9 9 1 4 10 10 3 6 4 4 7 1 10 6 1 9 2 2 7 2 4 3 5 4 10 3 6 3 7 10 7 7 2 7 10 3 1 10 7 7 9 3 7 1 1 7 6 4 1 1 10 5 2 9 3 3 2 9 2 6 2 2 9 8 3 8 7 7 2 10 7 7 6 6 5 5 8 9 4 1 4 5 9 7 8 2 9 9 6 7 1 1 9 5 4 8 7
TheTexasChainsawMassacre 6 9 6 8 3 1 1 4 5 9 8 7 4 3 4 4 3 5 4 3 6 4 3 6 5 6 10 8 5 8 3 8 2 1 2 1 1 1 3 1 3 1 4 1 10 5 4 5 6 3 2 2 3 1 8 5 2 5 4 6 4 9 9 7 3 10 9 6 5 2 6 5 8 1 10 8 3 7 2 5 9 5 10 1 5 9 2 3 2 10 3 10 3 5 9 2 6 2 10 7 9 1 6 3 3 10 6 1 2 4 10 4 9 5 3 8 6 7 7 5
KingsoftheRoad 10 7 1 8 8 2 5 1 5 7 8 1 7 2 7 9 4 6 8 9 4 2 6 3 4 9 9 5 1 4 8 9 6 3 2 1 8 5 3 6 8 1 4 8 7 5 2 10 9 4 9 8 4 7 7 9 3 5 6 2 6 4 10 8 3 1 1 9 10 3 2 4 5 4 6 8 1 7 9 2 6 3 2 1 6 10 2 5 5 6 8 6 1 9 3 9 10 2 5 2 2 7 6 9 1 5 4 1 2 1 8 3 10 2 9 6 7 4 7 10
Robocop 10 6 9 10 3 5 6 6 4 4 3 10 10 5 1 1 4 7 4 2 6 9 6 9 5 4 9 7 8 5 8 8 6 7 9 1 7 2 3 7 4 3 8 8 6 9 7 6 9 1 5 5 8 1 5 8 9 3 2 9 5 7 2 2 4 4 1 1 10 1 1 4 1 9 6 5 5 3 10 1 3 6 1 6 9 9 5 5 1 5 10 9 8 6 2 9 7 6 2 8 5 7 4 4 8 2 10 9 6 1 6 2 6 8 8 7 7 8 10 8
ToBeorNottoBe 7 10 7 3 1 10 4 3 2 7 10 10 6 3 3 9 7 10 6 3 7 10 8 6 10 4 6 9 7 8 4 4 3 1 4 5 10 4 4 2 7 7 9 6 8 6 1 6 2 10 1 7 7 2 2 1 1 6 1 4 1 2 2 10 3 6 5 2 9 6 1 10 4 8 6 9 9 7 7 5 10 2 10 6 7 5 9 6 2 8 5 7 9 8 6 7 5 6 9 9 5 7 9 5 3 1 5 4 10 8 10 5 5 6 3 9 3 5 4 2
Vagabond 10 5 6 9 3 6 6 10 9 9 3 10 4 4 8 4 10 4 4 1 4 4 3 5 8 9 2 3 9 3 7 2 1 9 2 10 9 8 9 4 4 6 6 7 10 7 8 1 6 2 9 4 4 8 7 7 2 5 3 7 10 4 2 5 1 1 2 7 4 1 6 2 6 1 3 9 2 5 6 4 6 9 8 10 8 1 3 8 5 6 3 2 9 2 9 10 1 10 8 2 1 9 3 3 4 1 6 2 5 2 1 1 9 8 4 2 7 5 4 9
Gummo 3 10 6 5 8 8 7 3 4 10 4 8 5 8 9 1 1 4 7 3 2 1 5 3 1 10 9 2 7 3 5 8 6 4 1 6 4 9 3 1 10 7 6 8 4 6 3 5 2 10 6 2 4 10 5 5 2 1 1 8 2 8 4 10 6 2 7 1 2 6 7 4 7 2 8 5 1 10 8 6 8 6 4 8 3 5 8 4 1 3 10 9 5 5 1 8 10 4 10 5 9 6 4 7 2 2 3 8 9 10 5 7 4 1 3 6 7 3 8 2
MyNeighbourTotoro 10 5 10 7 9 7 7 3 4 9 5 3 7 1 9 5 8 5 2 9 2 1 9 9 8 6 1 1 3 1 7 2 7 1 4 2 3 2 7 6 2 5 4 7 9 8 1 4 10 10 9 3 8 8 10 2 5 2 6 9 3 10 2 5 3 3 6 9 10 1 8 10 8 9 2 4 4 5 6 5 3 3 1 7 10 2 9 10 8 8 10 3 2 1 3 4 10 4 7 2 9 10 9 5 10 8 7 8 2 4 2 1 2 10 4 3 5 6 5 6
TheLadiesMan 6 10 2 3 7 7 2 1 9 4 8 3 8 2 8 3 1 9 9 10 4 2 8 5 10 1 6 4 9 10 2 8 5 1 1 2 10 9 6 3 5 6 3 6 2 7 10 3 9 1 4 2 6 6 5 7 1 2 8 8 10 10 1 4 7 10 9 7 2 10 5 1 2 1 3 1 2 4 9 8 4 9 10 6 7 7 4 9 8 9 2 10 9 4 9 8 10 8 7 8 6 2 2 2 10 3 7 7 5 1 5 2 10 4 8 6 5 7 6 8
SnowWhiteandtheSevenDwarfs 1 10 3 1 6 3 5 5 9 9 4 2 9 4 6 5 2 2 5 1 3 2 4 1 4 3 7 10 6 2 7 8 9 5 1 9 4 6 3 6 3 4 7 6 4 2 4 9 2 6 4 4 2 10 1 1 8 6 9 1 10 5 7 2 5 4 3 8 2 4 1 1 4 5 6 8 1 9 8 5 4 1 1 1 9 8 9 7 7 6 9 10 5 3 10 5 3 4 1 3 3 1 9 1 1 3 7 7 5 8 8 5 3 3 8 5 5 6 7 8
SaturdayNightFever 1 2 1 1 3 1 3 1 10 7 6 9 2 6 10 9 5 3 5 2 5 2 5 4 10 8 4 1 10 2 1 1 6 7 6 8 10 8 9 3 10 2 4 4 10 10 7 8 4 1 7 7 8 9 4 10 10 1 1 5 8 1 3 4 10 5 9 4 7 2 8 1 8 5 9 9 3 9 6 7 5 8 9 9 6 5 6 1 10 2 4 1 6 8 7 9 6 3 9 8 5 10 1 2 3 1 2 4 5 6 2 3 6 5 9 7 9 3 2 6
AllAboutMyMother 1 6 5 6 5 10 8 9 4 7 1 3 6 9 4 10 4 4 4 6 9 7 9 7 8 2 4 10 9 9 3 6 6 2 2 2 5 8 7 3 7 7 5 2 10 7 1 10 8 10 5 3 2 7 8 6 5 8 9 9 2 2 10 3 1 7 10 5 8 7 1 2 2 9 7 3 4 2 3 10 4 9 6 5 1 1 8 6 5 1 6 5 2 1 2 3 8 1 5 2 3 4 9 7 7 5 3 10 3 5 2 5 6 7 6 5 1 3 2 1
EasyRider 4 5 4 5 2 8 9 8 3 2 3 7 9 2 3 5 2 5 8 2 3 6 5 4 7 2 1 5 9 9 10 3 3 6 4 3 2 10 5 1 8 4 6 3 2 3 5 2 10 9 3 5 6 10 5 5 3 4 7 5 1 10 5 6 3 6 9 2 7 1 9 3 5 10 5 10 6 1 7 9 5 4 1 3 1 1 5 4 2 4 9 7 3 1 9 2 2 7 3 5 3 8 8 8 9 10 5 9 7 6 8 6 9 8 9 8 9 7 2 9
Providence 3 5 8 9 3 9 4 1 4 7 4 2 5 1 9 10 4 8 10 9 1 8 8 9 9 8 7 4 4 4 10 6 9 4 9 6 2 5 8 2 3 6 2 2 9 5 5 5 2 2 8 5 8 10 8 9 10 9 9 5 2 5 6 3 9 2 6 9 3 6 4 8 3 8 2 5 5 10 7 6 5 10 6 2 1 1 9 1 8 2 10 2 7 4 4 1 8 8 10 10 8 6 7 3 7 7 10 3 7 6 6 1 3 1 10 7 3 8 10 8
TheThingfromAnotherWorld 5 4 3 1 9 8 5 3 5 1 8 7 5 4 9 3 1 7 10 4 6 2 2 1 3 5 8 7 2 4 9 1 7 10 9 3 4 10 3 6 8 2 10 3 3 4 1 7 4 9 5 3 4 9 4 7 4 7 8 1 7 9 1 10 5 10 9 10 5 1 7 3 9 3 6 4 4 10 10 9 9 2 1 3 3 5 7 5 5 1 8 3 6 5 8 4 5 9 2 2 8 1 3 10 7 9 1 1 1 9 9 6 8 5 10 5 2 9 10 4
TheQuietMan 6 5 10 5 7 3 9 3 2 3 6 6 10 9 10 4 5 5 7 7 4 1 9 8 3 5 6 1 1 10 4 10 5 10 10 6 5 7 8 2 8 6 1 9 8 7 4 5 7 9 4 6 2 8 9 10 9 3 5 9 3 3 8 7 8 5 9 2 2 1 10 10 10 10 9 5 7 8 8 6 8 9 7 6 10 8 7 9 7 3 3 6 6 5 4 10 10 6 2 7 3 7 5 7 8 10 4 1 3 9 7 2 3 6 8 4 1 8 4 5
StrangerThanParadise 2 2 1 5 3 7 6 5 10 2 9 9 5 1 4 9 2 6 1 4 9 9 2 8 7 2 2 8 2 4 1 6 3 2 10 6 3 10 9 6 6 10 3 9 6 10 6 4 6 4 6 8 9 5 7 3 4 10 8 9 9 7 10 2 5 6 1 4 7 5 6 5 3 4 8 10 10 3 6 10 5 5 6 2 8 10 1 1 2 1 4 3 7 3 1 9 1 4 9 8 9 3 9 1 4 4 8 3 3 1 1 7 5 5 10 2 6 4 8 5
Carrie 7 5 5 4 5 5 1 3 2 9 6 8 2 1 3 7 9 4 9 9 6 10 5 7 9 1 8 4 8 7 7 2 4 8 2 6 8 1 2 8 8 4 10 7 4 5 3 4 1 5 10 4 4 7 10 2 10 3 9 9 1 2 7 6 2 8 6 3 8 5 3 4 6 2 4 3 9 6 3 2 6 2 8 8 10 9 5 7 9 3 6 3 8 1 6 2 1 5 5 5 6 10 6 10 3 7 9 8 2 6 6 10 2 4 7 2 4 5 5 7
Rushmore 1 5 5 2 3 9 7 8 5 2 10 9 2 7 7 7 10 6 2 4 10 6 6 5 8 9 4 3 5 9 2 4 3 2 6 7 9 4 5 2 4 2 3 2 7 4 8 5 3 1 1 5 1 8 6 3 2 7 4 5 6 5 1 6 5 6 6 5 4 5 8 9 3 9 7 4 8 7 8 7 3 2 8 9 6 5 2 3 10 3 4 6 1 7 2 10 9 4 2 6 5 8 8 7 2 6 8 1 8 4 10 2 2 10 5 1 3 10 5 4
Kwaidan 9 1 4 6 2 8 6 9 10 10 9 8 8 2 2 7 8 5 5 7 4 8 7 5 8 7 10 2 9 10 3 4 8 1 1 1 1 4 9 7 7 10 1 6 6 3 8 1 8 7 4 5 5 2 1 9 1 1 3 9 8 6 4 10 2 7 2 7 1 5 6 8 2 5 9 5 10 1 8 5 1 6 1 10 3 5 3 8 4 5 9 3 7 4 5 8 7 5 2 3 7 4 1 8 6 1 10 8 10 7 5 9 2 7 7 4 10 5 5 7
HolyMotors 3 5 4 4 3 8 1 5 9 8 6 4 8 8 2 3 7 3 4 8 7 4 10 2 1 8 9 6 3 5 9 7 3 7 5 5 2 7 2 1 9 8 10 10 2 4 2 1 7 9 1 8 8 5 1 3 7 6 2 1 7 4 8 9 8 9 2 2 9 9 7 9 2 3 9 1 5 9 10 5 1 7 5 3 9 9 2 1 4 10 9 10 10 10 5 1 5 9 8 10 9 9 5 8 5 5 9 5 3 7 4 3 7 10 5 3 8 4 7 6
PeepingTom 3 8 6 9 5 9 7 8 2 8 2 10 6 6 1 10 10 9 8 4 4 10 4 5 5 5 4 10 7 2 9 5 7 2 6 8 9 5 8 10 10 1 3 7 7 10 9 1 2 7 3 8 2 7 3 5 4 8 2 7 5 2 3 3 6 1 3 3 1 5 7 7 7 10 1 10 5 2 8 6 5 6 10 10 3 3 9 5 2 8 10 3 10 1 8 2 4 3 9 6 2 3 8 6 10 9 4 8 9 6 6 9 3 8 7 3 6 3 9 1
TheGoldenCoach 6 7 6 9 1 2 5 8 8 4 8 1 9 2 4 3 2 5 5 1 4 4 4 3 6 4 9 1 6 6 2 4 2 8 6 2 4 7 5 9 4 7 6 4 6 7 6 2 4 4 5 10 3 3 5 1 1 7 9 1 4 2 3 2 3 2 10 6 5 8 6 3 6 5 5 7 7 7 7 3 8 7 6 6 2 7 7 6 6 4 3 10 4 7 10 5 7 8 10 3 1 8 6 1 6 10 5 8 5 10 7 6 7 6 8 8 2 10 8 7
Reds 8 4 2 9 7 5 6 9 6 6 8 4 9 6 7 4 2 7 6 7 6 7 2 7 1 9 8 2 1 1 3 9 2 10 7 4 5 6 2 2 1 9 7 7 8 1 1 1 7 3 1 1 3 9 8 10 5 4 5 7 4 4 5 10 4 5 6 6 1 7 6 9 8 5 8 8 8 1 10 3 6 1 9 10 8 6 7 10 2 4 8 4 7 1 6 5 8 10 4 7 8 7 5 4 8 8 9 9 10 7 3 10 10 3 8 1 9 3 6 4
TheMusicRoom 5 5 10 1 6 9 5 7 8 4 2 6 3 6 1 5 3 9 2 7 9 7 8 4 8 10 10 5 5 3 4 2 7 1 6 9 1 8 2 10 6 10 7 6 10 7 1 3 10 10 9 1 2 2 1 5 5 10 10 7 10 7 3 5 5 4 4 6 6 3 10 1 3 9 1 4 9 7 1 10 2 3 2 4 7 5 9 1 4 4 6 10 2 6 7 7 7 7 1 8 3 10 5 5 2 7 6 2 3 3 10 1 6 9 9 1 5 2 8 1
BeingThere 5 2 2 9 9 6 1 1 7 4 6 4 9 3 10 1 10 6 2 1 6 5 3 8 1 2 4 5 8 1 3 9 9 10 1 3 1 1 2 1 2 5 8 8 6 7 2 5 8 3 9 4 7 8 4 5 10 10 10 4 9 1 6 4 1 5 8 7 4 8 1 10 5 3 1 6 6 2 10 6 1 3 3 7 1 7 9 7 3 1 5 6 3 9 3 8 9 4 10 6 9 4 5 3 6 9 4 10 10 2 7 2 1 1 1 10 7 7 6 6
Zelig 8 6 8 7 4 5 3 9 7 1 7 4 7 8 9 2 1 8 2 7 9 10 9 7 8 7 3 4 5 7 8 3 6 6 5 6 9 1 3 4 7 7 8 10 2 4 4 9 1 2 10 6 8 1 1 6 5 3 2 8 7 7 5 7 8 8 5 6 3 4 6 4 2 10 8 7 6 1 7 4 7 1 9 3 6 4 2 3 9 1 3 1 8 4 4 6 10 2 7 4 6 8 3 2 10 7 3 6 5 9 7 7 3 2 6 6 2 5 9 7
TheHouseisBlack 10 9 3 10 3 5 9 2 8 7 2 8 10 10 3 6 3 2 6 10 2 5 10 10 9 3 6 6 10 4 6 9 1 3 1 5 9 10 9 6 1 3 1 4 5 7 7 4 4 2 1 3 6 7 10 1 7 6 9 6 8 6 3 3 2 4 9 3 5 1 10 6 6 9 10 9 4 7 6 6 10 1 2 8 4 7 9 8 5 6 7 8 8 6 4 7 6 10 6 9 7 1 5 7 7 5 3 3 8 10 4 9 8 9 7 7 3 5 2 10
ThePiano 6 7 9 4 5 5 9 10 6 8 10 5 9 2 9 6 6 1 10 9 8 6 1 5 6 5 5 6 10 4 1 8 9 6 1 2 7 6 4 5 10 10 2 2 9 7 7 2 4 6 4 10 1 3 5 9 6 4 7 10 1 7 10 6 2 3 6 10 1 1 1 10 8 7 5 8 10 1 2 2 3 9 2 1 8 1 7 5 5 5 10 2 1 6 7 3 10 10 9 10 8 7 10 5 10 5 8 3 2 8 7 3 5 3 4 7 9 4 9 4
Teorema 4 1 1 10 3 1 6 9 5 7 4 7 3 7 6 8 3 5 5 2 1 6 6 8 3 6 2 4 1 5 4 2 1 7 4 6 10 3 9 2 8 3 1 4 9 2 4 4 5 6 6 8 7 9 5 5 10 10 1 2 4 6 2 5 8 10 7 7 1 6 6 6 5 9 1 5 3 4 9 6 10 8 6 1 1 5 2 9 10 2 8 2 5 9 2 8 6 4 2 5 9 6 10 9 8 8 9 4 1 8 3 7 9 1 2 8 7 9 8 3
TheCrimeofMonsieurLange 6 10 3 10 2 6 3 3 7 1 9 4 6 10 2 5 2 4 4 7 10 5 7 5 1 8 1 5 7 4 2 3 5 1 7 2 9 4 4 5 10 7 9 5 5 6 7 6 7 5 3 5 8 4 2 1 6 6 2 2 5 7 2 5 2 3 6 9 7 10 4 4 8 4 4 7 4 6 3 3 5 2 3 9 5 8 1 10 4 2 9 6 10 4 7 9 3 1 8 10 7 8 9 10 3 3 2 4 5 5 8 10 6 3 5 4 1 3 5 10
Yiyi 8 9 3 3 8 4 3 1 9 6 4 4 7 8 9 4 1 9 3 2 2 1 2 1 1 4 5 1 9 8 10 7 1 7 2 4 7 3 6 6 6 7 10 5 8 4 9 9 10 1 4 10 10 5 10 2 4 1 3 6 4 1 3 5 10 9 1 3 8 10 4 4 3 5 6 5 2 1 9 7 2 1 7 4 1 2 10 9 2 8 2 6 10 3 10 5 2 10 6 2 7 10 10 7 2 6 10 6 2 3 6 6 6 5 7 6 10 4 2 8
ThePianoTeacher 7 6 3 10 7 8 9 8 8 4 2 5 5 6 5 8 2 6 8 8 8 6 5 2 9 7 3 5 1 3 2 4 6 8 8 5 5 7 7 5 2 5 4 4 4 6 8 4 3 3 2 6 10 2 10 3 4 3 2 4 4 10 6 3 5 10 2 4 1 10 1 6 9 10 1 10 1 3 5 1 4 8 1 6 1 7 7 3 2 9 2 2 4 3 1 9 7 7 8 5 1 5 3 7 6 1 9 2 1 4 1 8 2 5 5 8 1 7 9 8
TheParty 6 8 5 6 6 9 1 5 6 8 3 1 5 5 1 2 3 6 5 4 3 10 1 4 6 6 3 5 10 4 5 1 4 1 5 3 5 3 1 4 1 2 5 5 9 5 4 5 1 7 3 6 2 2 3 9 6 2 7 2 3 9 9 5 10 3 10 1 1 6 3 10 2 3 9 5 1 9 4 4 3 9 2 4 3 7 8 10 4 6 8 3 9 7 1 8 4 6 6 6 7 8 9 10 4 1 10 9 9 8 1 7 1 1 8 7 1 2 7 1
TheLifeandDeathofColonelBlimp 5 5 5 3 8 6 6 5 8 1 3 10 2 2 8 8 10 4 3 2 9 4 1 8 7 5 9 7 2 10 7 8 10 5 8 7 6 4 1 7 6 7 9 2 9 9 6 3 9 8 9 6 2 9 7 2 10 5 7 1 6 1 8 5 9 4 9 4 10 6 3 2 3 3 1 6 10 7 7 1 2 6 4 6 8 6 6 8 7 2 10 10 8 3 3 2 3 1 8 5 8 8 8 6 2 8 9 2 6 4 8 3 1 8 5 8 2 10 1 7
BlackGirl 8 2 9 7 8 9 5 6 4 2 10 7 8 7 3 4 1 7 9 9 4 6 7 5 1 9 5 10 7 4 6 1 10 7 8 3 3 10 7 5 2 1 10 8 5 1 4 10 7 3 4 7 8 10 4 2 8 5 1 5 2 3 6 7 5 9 1 3 8 9 4 6 2 8 6 2 3 2 5 10 4 2 7 5 2 2 4 9 1 8 6 9 1 5 5 3 6 1 1 2 5 2 9 2 7 9 2 8 6 2 1 6 4 7 7 4 9 7 3 4
ScenesfromaMarriage 10 5 9 1 6 7 6 7 5 4 7 4 5 3 6 8 9 9 8 4 9 9 4 2 3 8 5 9 2 9 1 1 9 5 9 6 5 10 8 8 7 4 8 9 8 10 2 6 1 2 4 2 2 4 8 2 8 1 10 9 1 5 3 4 9 6 1 5 10 1 2 4 7 1 8 7 5 6 2 2 6 9 10 7 2 6 6 8 6 5 3 3 5 2 4 1 1 6 7 9 10 4 6 2 5 7 4 6 1 3 1 3 3 9 1 7 4 2 8 5
SyndromesandaCentury 7 3 8 5 8 1 4 2 5 4 10 9 9 7 5 3 9 8 7 3 5 3 5 7 8 4 4 2 6 5 10 10 4 3 1 1 1 8 1 7 6 7 3 6 8 5 10 5 1 6 10 9 7 6 7 1 7 6 7 10 7 2 9 3 4 3 7 2 8 3 7 6 9 4 8 2 4 4 9 10 2 9 4 8 6 8 10 4 9 10 10 1 9 5 1 1 10 6 6 1 2 7 2 7 9 9 8 9 10 8 10 8 9 4 6 6 6 4 5 3
